  -2.3506049736744923       -2.0833333333333335        4.9328107600205193     
  -2.3506049736744923       -1.2500000000000000        3.5439218711316305     
  -2.3506049736744923      -0.41666666666666696        2.8494774266871863     
  -2.3506049736744923       0.41666666666666652        2.8494774266871858     
  -2.3506049736744923        1.2500000000000000        3.5439218711316305     
  -2.3506049736744923        2.0833333333333330        4.9328107600205193     
  -1.3358490740136970       -2.0833333333333335        3.0623852631605151     
  -1.3358490740136970       -1.2500000000000000        1.6734963742716258     
  -1.3358490740136970      -0.41666666666666696       0.97905192982718159     
  -1.3358490740136970       0.41666666666666652       0.97905192982718137     
  -1.3358490740136970        1.2500000000000000        1.6734963742716258     
  -1.3358490740136970        2.0833333333333330        3.0623852631605142     
 -0.43607741192761651       -2.0833333333333335        2.2652206434856335     
 -0.43607741192761651       -1.2500000000000000       0.87633175459674406     
 -0.43607741192761651      -0.41666666666666696       0.18188731015229975     
 -0.43607741192761651       0.41666666666666652       0.18188731015229956     
 -0.43607741192761651        1.2500000000000000       0.87633175459674406     
 -0.43607741192761651        2.0833333333333330        2.2652206434856326     
  0.43607741192761651       -2.0833333333333335        2.2652206434856335     
  0.43607741192761651       -1.2500000000000000       0.87633175459674406     
  0.43607741192761651      -0.41666666666666696       0.18188731015229975     
  0.43607741192761651       0.41666666666666652       0.18188731015229956     
  0.43607741192761651        1.2500000000000000       0.87633175459674406     
  0.43607741192761651        2.0833333333333330        2.2652206434856326     
   1.3358490740136970       -2.0833333333333335        3.0623852631605151     
   1.3358490740136970       -1.2500000000000000        1.6734963742716258     
   1.3358490740136970      -0.41666666666666696       0.97905192982718159     
   1.3358490740136970       0.41666666666666652       0.97905192982718137     
   1.3358490740136970        1.2500000000000000        1.6734963742716258     
   1.3358490740136970        2.0833333333333330        3.0623852631605142     
   2.3506049736744923       -2.0833333333333335        4.9328107600205193     
   2.3506049736744923       -1.2500000000000000        3.5439218711316305     
   2.3506049736744923      -0.41666666666666696        2.8494774266871863     
   2.3506049736744923       0.41666666666666652        2.8494774266871858     
   2.3506049736744923        1.2500000000000000        3.5439218711316305     
   2.3506049736744923        2.0833333333333330        4.9328107600205193     
