&BASIS_ND
 NAME="Dp                  ",
 NB_BASIS=2          ,
 NB=0          ,
 NQ=0          ,
 A=  0.0000000000000000     ,
 B=  0.0000000000000000     ,
 SCALEQ=  1.0000000000000000     ,
 Q0=  0.0000000000000000     ,
 /
&BASIS_ND
 NAME="herm                ",
 NB_BASIS=0          ,
 NB=4          ,
 NQ=6          ,
 A=  0.0000000000000000     ,
 B=  0.0000000000000000     ,
 SCALEQ=  1.0000000000000000     ,
 Q0=  0.0000000000000000     ,
 /
 S: 1        1.000000000       0.000000000      -0.000000000       0.000000000
 S: 2        0.000000000       1.000000000      -0.000000000      -0.000000000
 S: 3       -0.000000000       0.000000000       1.000000000       0.000000000
 S: 4        0.000000000      -0.000000000       0.000000000       1.000000000
 Sii,Sij   9.9911190432067087E-012   2.7755575615628914E-017

 <d0b|d1b>: 1        0.000000000       0.707106781       0.000000000      -0.000000000
 <d0b|d1b>: 2       -0.707106781       0.000000000       1.000000000       0.000000000
 <d0b|d1b>: 3        0.000000000      -1.000000000       0.000000000       1.224744871
 <d0b|d1b>: 4        0.000000000       0.000000000      -1.224744871       0.000000000

 <d0b|d1b>: 1       -0.500000000      -0.000000000       0.707106781      -0.000000000
 <d0b|d1b>: 2       -0.000000000      -1.500000000       0.000000000       1.224744871
 <d0b|d1b>: 3        0.707106781       0.000000000      -2.500000000       0.000000000
 <d0b|d1b>: 4        0.000000000       1.224744871       0.000000000      -3.500000000
 -------------------------------------------------
 Write_Basis
 nb,nq           4           6
  x:      -2.3506049737      -1.3358490740      -0.4360774119       0.4360774119       1.3358490740
  x:       2.3506049737

  w:       1.1369083327       0.9355805576       0.8764013344       0.8764013344       0.9355805576
  w:       1.1369083327

 d0gb: 1        0.047413213      -0.157613724       0.336961400      -0.518025782
 d0gb: 2        0.307761900      -0.581416358       0.559063977      -0.135055669
 d0gb: 3        0.682997400      -0.421208998      -0.299272364       0.450473342
 d0gb: 4        0.682997400       0.421208998      -0.299272364      -0.450473342
 d0gb: 5        0.307761900       0.581416358       0.559063977       0.135055669
 d0gb: 6        0.047413213       0.157613724       0.336961400       0.518025782

 d1gb: 1        0.111449733      -0.303435196       0.476835695      -0.392290485
 d1gb: 2        0.411123450      -0.341443450      -0.416007620       1.189007487
 d1gb: 3        0.297839739       0.782224457      -0.972923913      -0.536623336
 d1gb: 4       -0.297839739       0.782224457       0.972923913      -0.536623336
 d1gb: 5       -0.411123450      -0.341443450       0.416007620       1.189007487
 d1gb: 6       -0.111449733      -0.303435196      -0.476835695      -0.392290485

 d2gb: 1        0.214561085      -0.398028833       0.177020563       0.763909960
 d2gb: 2        0.241436979       0.706715800      -1.797674272       0.704383820
 d2gb: 3       -0.553116218       1.183528412       1.439451135      -3.067649803
 d2gb: 4       -0.553116218      -1.183528412       1.439451135       3.067649803
 d2gb: 5        0.241436979      -0.706715800      -1.797674272      -0.704383820
 d2gb: 6        0.214561085       0.398028833       0.177020563      -0.763909960
 -------------------------------------------------
&BASIS_ND
 NAME="boxAB               ",
 NB_BASIS=0          ,
 NB=4          ,
 NQ=6          ,
 A= -2.5000000000000000     ,
 B=  2.5000000000000000     ,
 SCALEQ=  1.0000000000000000     ,
 Q0=  0.0000000000000000     ,
 /
 S: 1        1.000000000       0.000000000       0.000000000      -0.000000000
 S: 2        0.000000000       1.000000000      -0.000000000       0.000000000
 S: 3        0.000000000      -0.000000000       1.000000000      -0.000000000
 S: 4       -0.000000000       0.000000000      -0.000000000       1.000000000
 Sii,Sij   4.4408920985006262E-016   2.1510571102112408E-016

 <d0b|d1b>: 1       -0.000000000      -0.513019932      -0.000000000      -0.158728919
 <d0b|d1b>: 2        0.552702162      -0.000000000      -0.888576588       0.000000000
 <d0b|d1b>: 3       -0.000000000       1.026039864       0.000000000      -1.184768784
 <d0b|d1b>: 4        0.256509966       0.000000000       1.539059796       0.000000000

 <d0b|d1b>: 1       -0.394784176      -0.000000000      -0.000000000       0.000000000
 <d0b|d1b>: 2       -0.000000000      -1.579136704       0.000000000      -0.000000000
 <d0b|d1b>: 3       -0.000000000       0.000000000      -3.553057584       0.000000000
 <d0b|d1b>: 4        0.000000000      -0.000000000       0.000000000      -6.316546817
 -------------------------------------------------
 Write_Basis
 nb,nq           4           6
  x:      -2.0833333333      -1.2500000000      -0.4166666667       0.4166666667       1.2500000000
  x:       2.0833333333

  w:       0.8333333333       0.8333333333       0.8333333333       0.8333333333       0.8333333333
  w:       0.8333333333

 d0gb: 1        0.163691537       0.316227766       0.447213595       0.547722558
 d0gb: 2        0.447213595       0.632455532       0.447213595       0.000000000
 d0gb: 3        0.610905132       0.316227766      -0.447213595      -0.547722558
 d0gb: 4        0.610905132      -0.316227766      -0.447213595       0.547722558
 d0gb: 5        0.447213595      -0.632455532       0.447213595       0.000000000
 d0gb: 6        0.163691537      -0.316227766       0.447213595      -0.547722558

 d1gb: 1        0.383843015       0.688288465       0.842977768       0.794767061
 d1gb: 2        0.280992589       0.000000000      -0.842977768      -1.589534123
 d1gb: 3        0.102850426      -0.688288465      -0.842977768       0.794767061
 d1gb: 4       -0.102850426      -0.688288465       0.842977768       0.794767061
 d1gb: 5       -0.280992589      -0.000000000       0.842977768      -1.589534123
 d1gb: 6       -0.383843015       0.688288465      -0.842977768       0.794767061

 d2gb: 1       -0.064622829      -0.499366872      -1.588975657      -3.459715177
 d2gb: 2       -0.176552851      -0.998733744      -1.588975657      -0.000000000
 d2gb: 3       -0.241175679      -0.499366872       1.588975657       3.459715177
 d2gb: 4       -0.241175679       0.499366872       1.588975657      -3.459715177
 d2gb: 5       -0.176552851       0.998733744      -1.588975657      -0.000000000
 d2gb: 6       -0.064622829       0.499366872      -1.588975657       3.459715177
 -------------------------------------------------
 Initialization of a real psi
  The basis is linked to psi.
 Writing psi (real):
   1.0000000000000000        1.0000000000000000        1.0000000000000000        1.0000000000000000        1.0000000000000000        1.0000000000000000        1.0000000000000000        1.0000000000000000        1.0000000000000000        1.0000000000000000        1.0000000000000000        1.0000000000000000        1.0000000000000000        1.0000000000000000        1.0000000000000000        1.0000000000000000     
 END Writing psi
 Initialization of a complex psi
  The basis is linked to psi.
 Writing psi (complex):
               (1.0000000000000000,0.0000000000000000)               (1.0000000000000000,0.0000000000000000)               (1.0000000000000000,0.0000000000000000)               (1.0000000000000000,0.0000000000000000)               (1.0000000000000000,0.0000000000000000)               (1.0000000000000000,0.0000000000000000)               (1.0000000000000000,0.0000000000000000)               (1.0000000000000000,0.0000000000000000)               (1.0000000000000000,0.0000000000000000)               (1.0000000000000000,0.0000000000000000)               (1.0000000000000000,0.0000000000000000)               (1.0000000000000000,0.0000000000000000)               (1.0000000000000000,0.0000000000000000)               (1.0000000000000000,0.0000000000000000)               (1.0000000000000000,0.0000000000000000)               (1.0000000000000000,0.0000000000000000)
 END Writting psi
  | H | Psi > calculation
 Writing Op (real):

 Op%Rmat: 1        1.541675638       0.509087610       0.994753400       0.509087610       0.371263077
 Op%Rmat: 2       -0.000000000       2.632043048      -0.000000000       0.601406530       0.000000000
 Op%Rmat: 3        0.672004788       0.186338998       4.790438171       0.186338998       0.000000000
 Op%Rmat: 4       -0.000000000       0.601406530      -0.000000000       7.318681451      -0.000000000
 Op%Rmat: 5        0.000000000      -0.000000000       0.000000000       0.000000000       2.688587782
 Op%Rmat: 6        0.000000000      -0.000000000       0.000000000       0.000000000       0.000000000
 Op%Rmat: 7       -0.000000000      -0.000000000      -0.000000000      -0.000000000       1.044682784
 Op%Rmat: 8        0.000000000      -0.000000000      -0.000000000       0.000000000      -0.000000000
 Op%Rmat: 9       -0.112219113      -0.719958603      -0.719958603      -0.719958603       0.254186100
 Op%Rmat: 10        0.000000000       1.370297790      -0.000000000      -0.000000000       0.000000000
 Op%Rmat: 11       -0.263523138      -0.263523138       2.377705151      -0.263523138      -0.000000000
 Op%Rmat: 12       -0.000000000      -0.000000000      -0.000000000       4.420530988      -0.000000000
 Op%Rmat: 13        0.000000000       0.000000000       0.000000000      -0.000000000      -0.634632444
 Op%Rmat: 14        0.000000000       0.000000000      -0.000000000       0.000000000      -0.000000000
 Op%Rmat: 15        0.000000000       0.000000000      -0.000000000      -0.000000000      -0.456435465
 Op%Rmat: 16       -0.000000000      -0.000000000       0.000000000      -0.000000000       0.000000000

 Op%Rmat: 1        0.000000000       0.000000000      -0.000000000       0.004857864      -0.719958603
 Op%Rmat: 2        1.485052307      -0.000000000       0.000000000       0.000000000       1.838605698
 Op%Rmat: 3       -0.000000000       3.341367691      -0.000000000      -0.263523138      -0.263523138
 Op%Rmat: 4        0.000000000      -0.000000000       5.940209229      -0.000000000      -0.000000000
 Op%Rmat: 5        1.527262831       2.012928621       1.527262831      -0.000000000       0.000000000
 Op%Rmat: 6        1.646990741      -0.000000000       0.601406530       0.000000000      -0.000000000
 Op%Rmat: 7        0.559016994       2.321748476       0.559016994      -0.000000000       0.000000000
 Op%Rmat: 8        0.601406530      -0.000000000       1.878472222      -0.000000000       0.000000000
 Op%Rmat: 9        0.000000000       0.000000000      -0.000000000       4.460949102       2.545438052
 Op%Rmat: 10        1.016744399      -0.000000000       0.000000000       0.000000000       3.163735140
 Op%Rmat: 11       -0.000000000       2.287674898      -0.000000000       1.417360780       0.931694991
 Op%Rmat: 12        0.000000000      -0.000000000       4.066977597      -0.000000000       0.601406530
 Op%Rmat: 13       -1.247004880      -1.247004880      -1.247004880       0.000000000       0.000000000
 Op%Rmat: 14        0.612372436      -0.000000000      -0.000000000       0.000000000       0.000000000
 Op%Rmat: 15       -0.456435465       0.155936971      -0.456435465       0.000000000      -0.000000000
 Op%Rmat: 16       -0.000000000       0.000000000       0.612372436       0.000000000       0.000000000

 Op%Rmat: 1       -0.719958603      -0.719958603       0.371263077       0.000000000       0.000000000
 Op%Rmat: 2       -0.000000000      -0.000000000      -0.000000000       1.485052307      -0.000000000
 Op%Rmat: 3        3.431397944      -0.263523138       0.000000000      -0.000000000       3.341367691
 Op%Rmat: 4       -0.000000000       6.293762620      -0.000000000       0.000000000      -0.000000000
 Op%Rmat: 5        0.000000000       0.000000000      -0.634632444      -1.247004880      -1.247004880
 Op%Rmat: 6        0.000000000       0.000000000      -0.000000000       0.612372436      -0.000000000
 Op%Rmat: 7        0.000000000      -0.000000000      -0.456435465      -0.456435465       0.155936971
 Op%Rmat: 8        0.000000000       0.000000000       0.000000000      -0.000000000       0.000000000
 Op%Rmat: 9        3.031103841       2.545438052       0.254186100       0.000000000       0.000000000
 Op%Rmat: 10       -0.000000000       0.601406530       0.000000000       1.016744399      -0.000000000
 Op%Rmat: 11        5.482101370       0.931694991      -0.000000000      -0.000000000       2.287674898
 Op%Rmat: 12       -0.000000000       6.445449819      -0.000000000       0.000000000      -0.000000000
 Op%Rmat: 13       -0.000000000       0.000000000       5.724938223       3.563613272       4.049279062
 Op%Rmat: 14       -0.000000000      -0.000000000       0.000000000       2.646990741      -0.000000000
 Op%Rmat: 15        0.000000000       0.000000000       1.790038777       1.304372987       4.067104468
 Op%Rmat: 16        0.000000000       0.000000000      -0.000000000       0.601406530      -0.000000000

 Op%Rmat: 1       -0.000000000
 Op%Rmat: 2        0.000000000
 Op%Rmat: 3       -0.000000000
 Op%Rmat: 4        5.940209229
 Op%Rmat: 5       -1.247004880
 Op%Rmat: 6       -0.000000000
 Op%Rmat: 7       -0.456435465
 Op%Rmat: 8        0.612372436
 Op%Rmat: 9       -0.000000000
 Op%Rmat: 10        0.000000000
 Op%Rmat: 11       -0.000000000
 Op%Rmat: 12        4.066977597
 Op%Rmat: 13        3.563613272
 Op%Rmat: 14        0.601406530
 Op%Rmat: 15        1.304372987
 Op%Rmat: 16        2.878472222
 END Writing Op
