&BASIS_ND
 NAME="Dp                  ",
 NB_BASIS=2          ,
 NB=0          ,
 NQ=0          ,
 A=  0.0000000000000000     ,
 B=  0.0000000000000000     ,
 SCALEQ=  1.0000000000000000     ,
 Q0=  0.0000000000000000     ,
 /
&BASIS_ND
 NAME="boxAB               ",
 NB_BASIS=0          ,
 NB=6          ,
 NQ=10         ,
 A= -2.5000000000000000     ,
 B=  2.5000000000000000     ,
 SCALEQ=  1.0000000000000000     ,
 Q0=  0.0000000000000000     ,
 /
 S: 1        1.000000000      -0.000000000      -0.000000000      -0.000000000      -0.000000000
 S: 2       -0.000000000       1.000000000       0.000000000       0.000000000      -0.000000000
 S: 3       -0.000000000       0.000000000       1.000000000       0.000000000      -0.000000000
 S: 4       -0.000000000       0.000000000       0.000000000       1.000000000      -0.000000000
 S: 5       -0.000000000      -0.000000000      -0.000000000      -0.000000000       1.000000000
 S: 6        0.000000000      -0.000000000       0.000000000      -0.000000000       0.000000000

 S: 1        0.000000000
 S: 2       -0.000000000
 S: 3        0.000000000
 S: 4       -0.000000000
 S: 5        0.000000000
 S: 6        1.000000000
 Sii,Sij   8.8817841970012523E-016   5.5511151231257827E-016

 <d0b|d1b>: 1        0.000000000      -0.526501267       0.000000000      -0.198165558       0.000000000
 <d0b|d1b>: 2        0.540048730      -0.000000000      -0.938376068       0.000000000      -0.339406055
 <d0b|d1b>: 3        0.000000000       0.981014681       0.000000000      -1.324527377      -0.000000000
 <d0b|d1b>: 4        0.227256707      -0.000000000       1.416502557       0.000000000      -1.690173108
 <d0b|d1b>: 5       -0.000000000       0.417833771      -0.000000000       1.861058966       0.000000000
 <d0b|d1b>: 6        0.159375496       0.000000000       0.606042325       0.000000000       2.326323708

 <d0b|d1b>: 1       -0.110038929
 <d0b|d1b>: 2        0.000000000
 <d0b|d1b>: 3       -0.448703929
 <d0b|d1b>: 4       -0.000000000
 <d0b|d1b>: 5       -2.028207729
 <d0b|d1b>: 6       -0.000000000

 <d0b|d1b>: 1       -0.394784176      -0.000000000       0.000000000       0.000000000      -0.000000000
 <d0b|d1b>: 2       -0.000000000      -1.579136704      -0.000000000      -0.000000000      -0.000000000
 <d0b|d1b>: 3        0.000000000      -0.000000000      -3.553057584      -0.000000000       0.000000000
 <d0b|d1b>: 4       -0.000000000      -0.000000000      -0.000000000      -6.316546817       0.000000000
 <d0b|d1b>: 5       -0.000000000       0.000000000       0.000000000       0.000000000      -9.869604401
 <d0b|d1b>: 6       -0.000000000       0.000000000      -0.000000000       0.000000000       0.000000000

 <d0b|d1b>: 1       -0.000000000
 <d0b|d1b>: 2        0.000000000
 <d0b|d1b>: 3       -0.000000000
 <d0b|d1b>: 4        0.000000000
 <d0b|d1b>: 5       -0.000000000
 <d0b|d1b>: 6      -14.212230338
 -------------------------------------------------
 Write_Basis
 nb,nq           6          10
  x:      -2.2500000000      -1.7500000000      -1.2500000000      -0.7500000000      -0.2500000000
  x:       0.2500000000       0.7500000000       1.2500000000       1.7500000000       2.2500000000

  w:       0.5000000000       0.5000000000       0.5000000000       0.5000000000       0.5000000000
  w:       0.5000000000       0.5000000000       0.5000000000       0.5000000000       0.5000000000

 d0gb: 1        0.098937843       0.195439508       0.287128803       0.371748034       0.447213595
 d0gb: 2        0.287128803       0.511667274       0.624668955       0.601500955       0.447213595
 d0gb: 3        0.447213595       0.632455532       0.447213595       0.000000000      -0.447213595
 d0gb: 4        0.563522005       0.511667274      -0.098937843      -0.601500955      -0.447213595
 d0gb: 5        0.624668955       0.195439508      -0.563522005      -0.371748034       0.447213595
 d0gb: 6        0.624668955      -0.195439508      -0.563522005       0.371748034       0.447213595
 d0gb: 7        0.563522005      -0.511667274      -0.098937843       0.601500955      -0.447213595
 d0gb: 8        0.447213595      -0.632455532       0.447213595       0.000000000      -0.447213595
 d0gb: 9        0.287128803      -0.511667274       0.624668955      -0.601500955       0.447213595
 d0gb: 10        0.098937843      -0.195439508       0.287128803      -0.371748034       0.447213595

 d0gb: 1        0.511667274
 d0gb: 2        0.195439508
 d0gb: 3       -0.632455532
 d0gb: 4        0.195439508
 d0gb: 5        0.511667274
 d0gb: 6       -0.511667274
 d0gb: 7       -0.195439508
 d0gb: 8        0.632455532
 d0gb: 9       -0.195439508
 d0gb: 10       -0.511667274

 d1gb: 1        0.392491080       0.755868393       1.062213955       1.285960118       1.404962946
 d1gb: 2        0.354071318       0.467152358       0.186493440      -0.491193057      -1.404962946
 d1gb: 3        0.280992589       0.000000000      -0.842977768      -1.589534123      -1.404962946
 d1gb: 4        0.180408348      -0.467152358      -1.177473240      -0.491193057       1.404962946
 d1gb: 5        0.062164480      -0.755868393      -0.541225043       1.285960118       1.404962946
 d1gb: 6       -0.062164480      -0.755868393       0.541225043       1.285960118      -1.404962946
 d1gb: 7       -0.180408348      -0.467152358       1.177473240      -0.491193057      -1.404962946
 d1gb: 8       -0.280992589      -0.000000000       0.842977768      -1.589534123       1.404962946
 d1gb: 9       -0.354071318       0.467152358      -0.186493440      -0.491193057       1.404962946
 d1gb: 10       -0.392491080       0.755868393      -1.062213955       1.285960118      -1.404962946

 d1gb: 1        1.401457073
 d1gb: 2       -2.267605178
 d1gb: 3       -0.000000000
 d1gb: 4        2.267605178
 d1gb: 5       -1.401457073
 d1gb: 6       -1.401457073
 d1gb: 7        2.267605178
 d1gb: 8        0.000000000
 d1gb: 9       -2.267605178
 d1gb: 10        1.401457073

 d2gb: 1       -0.039059095      -0.308625700      -1.020185171      -2.348163864      -4.413821270
 d2gb: 2       -0.113353908      -0.807992572      -2.219484768      -3.799408943      -4.413821270
 d2gb: 3       -0.176552851      -0.998733744      -1.588975657      -0.000000000       4.413821270
 d2gb: 4       -0.222469571      -0.807992572       0.351531853       3.799408943       4.413821270
 d2gb: 5       -0.246609419      -0.308625700       2.002226135       2.348163864      -4.413821270
 d2gb: 6       -0.246609419       0.308625700       2.002226135      -2.348163864      -4.413821270
 d2gb: 7       -0.222469571       0.807992572       0.351531853      -3.799408943       4.413821270
 d2gb: 8       -0.176552851       0.998733744      -1.588975657      -0.000000000       4.413821270
 d2gb: 9       -0.113353908       0.807992572      -2.219484768       3.799408943      -4.413821270
 d2gb: 10       -0.039059095       0.308625700      -1.020185171       2.348163864      -4.413821270

 d2gb: 1       -7.271933149
 d2gb: 2       -2.777631299
 d2gb: 3        8.988603700
 d2gb: 4       -2.777631299
 d2gb: 5       -7.271933149
 d2gb: 6        7.271933149
 d2gb: 7        2.777631299
 d2gb: 8       -8.988603700
 d2gb: 9        2.777631299
 d2gb: 10        7.271933149
 -------------------------------------------------
&BASIS_ND
 NAME="boxAB               ",
 NB_BASIS=0          ,
 NB=6          ,
 NQ=10         ,
 A= -2.5000000000000000     ,
 B=  2.5000000000000000     ,
 SCALEQ=  1.0000000000000000     ,
 Q0=  0.0000000000000000     ,
 /
 S: 1        1.000000000      -0.000000000      -0.000000000      -0.000000000      -0.000000000
 S: 2       -0.000000000       1.000000000       0.000000000       0.000000000      -0.000000000
 S: 3       -0.000000000       0.000000000       1.000000000       0.000000000      -0.000000000
 S: 4       -0.000000000       0.000000000       0.000000000       1.000000000      -0.000000000
 S: 5       -0.000000000      -0.000000000      -0.000000000      -0.000000000       1.000000000
 S: 6        0.000000000      -0.000000000       0.000000000      -0.000000000       0.000000000

 S: 1        0.000000000
 S: 2       -0.000000000
 S: 3        0.000000000
 S: 4       -0.000000000
 S: 5        0.000000000
 S: 6        1.000000000
 Sii,Sij   8.8817841970012523E-016   5.5511151231257827E-016

 <d0b|d1b>: 1        0.000000000      -0.526501267       0.000000000      -0.198165558       0.000000000
 <d0b|d1b>: 2        0.540048730      -0.000000000      -0.938376068       0.000000000      -0.339406055
 <d0b|d1b>: 3        0.000000000       0.981014681       0.000000000      -1.324527377      -0.000000000
 <d0b|d1b>: 4        0.227256707      -0.000000000       1.416502557       0.000000000      -1.690173108
 <d0b|d1b>: 5       -0.000000000       0.417833771      -0.000000000       1.861058966       0.000000000
 <d0b|d1b>: 6        0.159375496       0.000000000       0.606042325       0.000000000       2.326323708

 <d0b|d1b>: 1       -0.110038929
 <d0b|d1b>: 2        0.000000000
 <d0b|d1b>: 3       -0.448703929
 <d0b|d1b>: 4       -0.000000000
 <d0b|d1b>: 5       -2.028207729
 <d0b|d1b>: 6       -0.000000000

 <d0b|d1b>: 1       -0.394784176      -0.000000000       0.000000000       0.000000000      -0.000000000
 <d0b|d1b>: 2       -0.000000000      -1.579136704      -0.000000000      -0.000000000      -0.000000000
 <d0b|d1b>: 3        0.000000000      -0.000000000      -3.553057584      -0.000000000       0.000000000
 <d0b|d1b>: 4       -0.000000000      -0.000000000      -0.000000000      -6.316546817       0.000000000
 <d0b|d1b>: 5       -0.000000000       0.000000000       0.000000000       0.000000000      -9.869604401
 <d0b|d1b>: 6       -0.000000000       0.000000000      -0.000000000       0.000000000       0.000000000

 <d0b|d1b>: 1       -0.000000000
 <d0b|d1b>: 2        0.000000000
 <d0b|d1b>: 3       -0.000000000
 <d0b|d1b>: 4        0.000000000
 <d0b|d1b>: 5       -0.000000000
 <d0b|d1b>: 6      -14.212230338
 -------------------------------------------------
 Write_Basis
 nb,nq           6          10
  x:      -2.2500000000      -1.7500000000      -1.2500000000      -0.7500000000      -0.2500000000
  x:       0.2500000000       0.7500000000       1.2500000000       1.7500000000       2.2500000000

  w:       0.5000000000       0.5000000000       0.5000000000       0.5000000000       0.5000000000
  w:       0.5000000000       0.5000000000       0.5000000000       0.5000000000       0.5000000000

 d0gb: 1        0.098937843       0.195439508       0.287128803       0.371748034       0.447213595
 d0gb: 2        0.287128803       0.511667274       0.624668955       0.601500955       0.447213595
 d0gb: 3        0.447213595       0.632455532       0.447213595       0.000000000      -0.447213595
 d0gb: 4        0.563522005       0.511667274      -0.098937843      -0.601500955      -0.447213595
 d0gb: 5        0.624668955       0.195439508      -0.563522005      -0.371748034       0.447213595
 d0gb: 6        0.624668955      -0.195439508      -0.563522005       0.371748034       0.447213595
 d0gb: 7        0.563522005      -0.511667274      -0.098937843       0.601500955      -0.447213595
 d0gb: 8        0.447213595      -0.632455532       0.447213595       0.000000000      -0.447213595
 d0gb: 9        0.287128803      -0.511667274       0.624668955      -0.601500955       0.447213595
 d0gb: 10        0.098937843      -0.195439508       0.287128803      -0.371748034       0.447213595

 d0gb: 1        0.511667274
 d0gb: 2        0.195439508
 d0gb: 3       -0.632455532
 d0gb: 4        0.195439508
 d0gb: 5        0.511667274
 d0gb: 6       -0.511667274
 d0gb: 7       -0.195439508
 d0gb: 8        0.632455532
 d0gb: 9       -0.195439508
 d0gb: 10       -0.511667274

 d1gb: 1        0.392491080       0.755868393       1.062213955       1.285960118       1.404962946
 d1gb: 2        0.354071318       0.467152358       0.186493440      -0.491193057      -1.404962946
 d1gb: 3        0.280992589       0.000000000      -0.842977768      -1.589534123      -1.404962946
 d1gb: 4        0.180408348      -0.467152358      -1.177473240      -0.491193057       1.404962946
 d1gb: 5        0.062164480      -0.755868393      -0.541225043       1.285960118       1.404962946
 d1gb: 6       -0.062164480      -0.755868393       0.541225043       1.285960118      -1.404962946
 d1gb: 7       -0.180408348      -0.467152358       1.177473240      -0.491193057      -1.404962946
 d1gb: 8       -0.280992589      -0.000000000       0.842977768      -1.589534123       1.404962946
 d1gb: 9       -0.354071318       0.467152358      -0.186493440      -0.491193057       1.404962946
 d1gb: 10       -0.392491080       0.755868393      -1.062213955       1.285960118      -1.404962946

 d1gb: 1        1.401457073
 d1gb: 2       -2.267605178
 d1gb: 3       -0.000000000
 d1gb: 4        2.267605178
 d1gb: 5       -1.401457073
 d1gb: 6       -1.401457073
 d1gb: 7        2.267605178
 d1gb: 8        0.000000000
 d1gb: 9       -2.267605178
 d1gb: 10        1.401457073

 d2gb: 1       -0.039059095      -0.308625700      -1.020185171      -2.348163864      -4.413821270
 d2gb: 2       -0.113353908      -0.807992572      -2.219484768      -3.799408943      -4.413821270
 d2gb: 3       -0.176552851      -0.998733744      -1.588975657      -0.000000000       4.413821270
 d2gb: 4       -0.222469571      -0.807992572       0.351531853       3.799408943       4.413821270
 d2gb: 5       -0.246609419      -0.308625700       2.002226135       2.348163864      -4.413821270
 d2gb: 6       -0.246609419       0.308625700       2.002226135      -2.348163864      -4.413821270
 d2gb: 7       -0.222469571       0.807992572       0.351531853      -3.799408943       4.413821270
 d2gb: 8       -0.176552851       0.998733744      -1.588975657      -0.000000000       4.413821270
 d2gb: 9       -0.113353908       0.807992572      -2.219484768       3.799408943      -4.413821270
 d2gb: 10       -0.039059095       0.308625700      -1.020185171       2.348163864      -4.413821270

 d2gb: 1       -7.271933149
 d2gb: 2       -2.777631299
 d2gb: 3        8.988603700
 d2gb: 4       -2.777631299
 d2gb: 5       -7.271933149
 d2gb: 6        7.271933149
 d2gb: 7        2.777631299
 d2gb: 8       -8.988603700
 d2gb: 9        2.777631299
 d2gb: 10        7.271933149
 -------------------------------------------------
 Initialization of a real psi
  The basis is linked to psi.
 Writing psi (real):
   1.0000000000000000        1.0000000000000000        1.0000000000000000        1.0000000000000000        1.0000000000000000        1.0000000000000000        1.0000000000000000        1.0000000000000000        1.0000000000000000        1.0000000000000000        1.0000000000000000        1.0000000000000000        1.0000000000000000        1.0000000000000000        1.0000000000000000        1.0000000000000000        1.0000000000000000        1.0000000000000000        1.0000000000000000        1.0000000000000000        1.0000000000000000        1.0000000000000000        1.0000000000000000        1.0000000000000000        1.0000000000000000        1.0000000000000000        1.0000000000000000        1.0000000000000000        1.0000000000000000        1.0000000000000000        1.0000000000000000        1.0000000000000000        1.0000000000000000        1.0000000000000000        1.0000000000000000        1.0000000000000000     
 END Writing psi
 Initialization of a complex psi
  The basis is linked to psi.
 Writing psi (complex):
               (1.0000000000000000,0.0000000000000000)               (1.0000000000000000,0.0000000000000000)               (1.0000000000000000,0.0000000000000000)               (1.0000000000000000,0.0000000000000000)               (1.0000000000000000,0.0000000000000000)               (1.0000000000000000,0.0000000000000000)               (1.0000000000000000,0.0000000000000000)               (1.0000000000000000,0.0000000000000000)               (1.0000000000000000,0.0000000000000000)               (1.0000000000000000,0.0000000000000000)               (1.0000000000000000,0.0000000000000000)               (1.0000000000000000,0.0000000000000000)               (1.0000000000000000,0.0000000000000000)               (1.0000000000000000,0.0000000000000000)               (1.0000000000000000,0.0000000000000000)               (1.0000000000000000,0.0000000000000000)               (1.0000000000000000,0.0000000000000000)               (1.0000000000000000,0.0000000000000000)               (1.0000000000000000,0.0000000000000000)               (1.0000000000000000,0.0000000000000000)               (1.0000000000000000,0.0000000000000000)               (1.0000000000000000,0.0000000000000000)               (1.0000000000000000,0.0000000000000000)               (1.0000000000000000,0.0000000000000000)               (1.0000000000000000,0.0000000000000000)               (1.0000000000000000,0.0000000000000000)               (1.0000000000000000,0.0000000000000000)               (1.0000000000000000,0.0000000000000000)               (1.0000000000000000,0.0000000000000000)               (1.0000000000000000,0.0000000000000000)               (1.0000000000000000,0.0000000000000000)               (1.0000000000000000,0.0000000000000000)               (1.0000000000000000,0.0000000000000000)               (1.0000000000000000,0.0000000000000000)               (1.0000000000000000,0.0000000000000000)               (1.0000000000000000,0.0000000000000000)
 END Writting psi
  | H | Psi > calculation
 Writing Op (real):

 Op%Rmat: 1        1.212335034      -0.000000000       0.476122022       0.000000000       0.090224052
 Op%Rmat: 2       -0.000000000       2.280633320       0.000000000       0.566346074      -0.000000000
 Op%Rmat: 3        0.476122022       0.000000000       3.357817812       0.000000000       0.601122022
 Op%Rmat: 4        0.000000000       0.566346074       0.000000000       4.774338376      -0.000000000
 Op%Rmat: 5        0.090224052      -0.000000000       0.601122022      -0.000000000       6.572219717
 Op%Rmat: 6        0.000000000       0.125000000       0.000000000       0.622474571       0.000000000
 Op%Rmat: 7        0.000000000      -0.000000000      -0.000000000       0.000000000      -0.000000000
 Op%Rmat: 8       -0.000000000      -0.000000000       0.000000000      -0.000000000       0.000000000
 Op%Rmat: 9       -0.000000000       0.000000000       0.000000000       0.000000000       0.000000000
 Op%Rmat: 10       -0.000000000       0.000000000      -0.000000000      -0.000000000      -0.000000000
 Op%Rmat: 11       -0.000000000       0.000000000       0.000000000      -0.000000000       0.000000000
 Op%Rmat: 12       -0.000000000      -0.000000000      -0.000000000      -0.000000000      -0.000000000
 Op%Rmat: 13        0.476122022       0.000000000      -0.000000000       0.000000000      -0.000000000
 Op%Rmat: 14       -0.000000000       0.476122022       0.000000000      -0.000000000       0.000000000
 Op%Rmat: 15       -0.000000000       0.000000000       0.476122022       0.000000000      -0.000000000
 Op%Rmat: 16        0.000000000      -0.000000000      -0.000000000       0.476122022       0.000000000
 Op%Rmat: 17       -0.000000000      -0.000000000      -0.000000000      -0.000000000       0.476122022
 Op%Rmat: 18        0.000000000      -0.000000000       0.000000000      -0.000000000       0.000000000
 Op%Rmat: 19       -0.000000000       0.000000000       0.000000000       0.000000000      -0.000000000
 Op%Rmat: 20        0.000000000      -0.000000000      -0.000000000       0.000000000       0.000000000
 Op%Rmat: 21       -0.000000000      -0.000000000      -0.000000000       0.000000000      -0.000000000
 Op%Rmat: 22       -0.000000000       0.000000000       0.000000000      -0.000000000       0.000000000
 Op%Rmat: 23        0.000000000      -0.000000000       0.000000000      -0.000000000      -0.000000000
 Op%Rmat: 24       -0.000000000       0.000000000      -0.000000000       0.000000000       0.000000000
 Op%Rmat: 25        0.090224052      -0.000000000      -0.000000000       0.000000000       0.000000000
 Op%Rmat: 26        0.000000000       0.090224052       0.000000000       0.000000000       0.000000000
 Op%Rmat: 27        0.000000000      -0.000000000       0.090224052      -0.000000000      -0.000000000
 Op%Rmat: 28        0.000000000      -0.000000000       0.000000000       0.090224052      -0.000000000
 Op%Rmat: 29       -0.000000000      -0.000000000      -0.000000000       0.000000000       0.090224052
 Op%Rmat: 30        0.000000000      -0.000000000       0.000000000      -0.000000000      -0.000000000
 Op%Rmat: 31        0.000000000      -0.000000000       0.000000000      -0.000000000       0.000000000
 Op%Rmat: 32        0.000000000       0.000000000      -0.000000000       0.000000000      -0.000000000
 Op%Rmat: 33        0.000000000      -0.000000000       0.000000000      -0.000000000       0.000000000
 Op%Rmat: 34        0.000000000       0.000000000      -0.000000000       0.000000000       0.000000000
 Op%Rmat: 35        0.000000000       0.000000000       0.000000000      -0.000000000       0.000000000
 Op%Rmat: 36        0.000000000       0.000000000       0.000000000       0.000000000      -0.000000000

 Op%Rmat: 1        0.000000000       0.000000000       0.000000000       0.000000000      -0.000000000
 Op%Rmat: 2        0.125000000       0.000000000       0.000000000      -0.000000000      -0.000000000
 Op%Rmat: 3        0.000000000       0.000000000       0.000000000       0.000000000       0.000000000
 Op%Rmat: 4        0.622474571       0.000000000      -0.000000000      -0.000000000       0.000000000
 Op%Rmat: 5        0.000000000      -0.000000000       0.000000000      -0.000000000      -0.000000000
 Op%Rmat: 6        8.764885235      -0.000000000       0.000000000       0.000000000      -0.000000000
 Op%Rmat: 7        0.000000000       2.280633320      -0.000000000       0.476122022       0.000000000
 Op%Rmat: 8       -0.000000000      -0.000000000       3.348931606       0.000000000       0.566346074
 Op%Rmat: 9       -0.000000000       0.476122022       0.000000000       4.426116098       0.000000000
 Op%Rmat: 10       -0.000000000      -0.000000000       0.566346074       0.000000000       5.842636662
 Op%Rmat: 11        0.000000000       0.090224052      -0.000000000       0.601122022      -0.000000000
 Op%Rmat: 12        0.000000000       0.000000000       0.125000000       0.000000000       0.622474571
 Op%Rmat: 13        0.000000000      -0.000000000       0.000000000       0.000000000       0.000000000
 Op%Rmat: 14       -0.000000000       0.000000000      -0.000000000      -0.000000000       0.000000000
 Op%Rmat: 15        0.000000000       0.000000000      -0.000000000       0.000000000       0.000000000
 Op%Rmat: 16       -0.000000000      -0.000000000      -0.000000000       0.000000000       0.000000000
 Op%Rmat: 17       -0.000000000       0.000000000      -0.000000000       0.000000000      -0.000000000
 Op%Rmat: 18        0.476122022       0.000000000       0.000000000       0.000000000       0.000000000
 Op%Rmat: 19        0.000000000       0.566346074       0.000000000       0.000000000      -0.000000000
 Op%Rmat: 20        0.000000000       0.000000000       0.566346074       0.000000000       0.000000000
 Op%Rmat: 21        0.000000000       0.000000000      -0.000000000       0.566346074       0.000000000
 Op%Rmat: 22        0.000000000       0.000000000       0.000000000       0.000000000       0.566346074
 Op%Rmat: 23       -0.000000000      -0.000000000       0.000000000       0.000000000      -0.000000000
 Op%Rmat: 24       -0.000000000       0.000000000      -0.000000000       0.000000000      -0.000000000
 Op%Rmat: 25        0.000000000       0.000000000       0.000000000       0.000000000       0.000000000
 Op%Rmat: 26        0.000000000       0.000000000      -0.000000000      -0.000000000      -0.000000000
 Op%Rmat: 27        0.000000000      -0.000000000       0.000000000      -0.000000000       0.000000000
 Op%Rmat: 28       -0.000000000      -0.000000000      -0.000000000       0.000000000      -0.000000000
 Op%Rmat: 29        0.000000000      -0.000000000      -0.000000000       0.000000000      -0.000000000
 Op%Rmat: 30        0.090224052       0.000000000       0.000000000      -0.000000000      -0.000000000
 Op%Rmat: 31       -0.000000000       0.125000000       0.000000000      -0.000000000      -0.000000000
 Op%Rmat: 32        0.000000000       0.000000000       0.125000000       0.000000000      -0.000000000
 Op%Rmat: 33       -0.000000000      -0.000000000       0.000000000       0.125000000      -0.000000000
 Op%Rmat: 34        0.000000000       0.000000000      -0.000000000      -0.000000000       0.125000000
 Op%Rmat: 35        0.000000000      -0.000000000       0.000000000      -0.000000000       0.000000000
 Op%Rmat: 36        0.000000000       0.000000000       0.000000000       0.000000000      -0.000000000

 Op%Rmat: 1        0.000000000       0.000000000       0.476122022       0.000000000      -0.000000000
 Op%Rmat: 2        0.000000000      -0.000000000      -0.000000000       0.476122022       0.000000000
 Op%Rmat: 3       -0.000000000       0.000000000      -0.000000000      -0.000000000       0.476122022
 Op%Rmat: 4        0.000000000      -0.000000000       0.000000000       0.000000000       0.000000000
 Op%Rmat: 5       -0.000000000      -0.000000000      -0.000000000       0.000000000      -0.000000000
 Op%Rmat: 6        0.000000000      -0.000000000       0.000000000      -0.000000000       0.000000000
 Op%Rmat: 7        0.090224052       0.000000000       0.000000000       0.000000000       0.000000000
 Op%Rmat: 8       -0.000000000       0.125000000      -0.000000000       0.000000000      -0.000000000
 Op%Rmat: 9        0.601122022       0.000000000      -0.000000000      -0.000000000       0.000000000
 Op%Rmat: 10       -0.000000000       0.622474571       0.000000000       0.000000000       0.000000000
 Op%Rmat: 11        7.640518003       0.000000000      -0.000000000       0.000000000       0.000000000
 Op%Rmat: 12        0.000000000       9.833183521       0.000000000      -0.000000000       0.000000000
 Op%Rmat: 13        0.000000000       0.000000000       3.357817812      -0.000000000       0.476122022
 Op%Rmat: 14        0.000000000       0.000000000      -0.000000000       4.426116098       0.000000000
 Op%Rmat: 15       -0.000000000      -0.000000000       0.476122022       0.000000000       5.503300590
 Op%Rmat: 16        0.000000000       0.000000000       0.000000000       0.566346074       0.000000000
 Op%Rmat: 17        0.000000000       0.000000000       0.090224052      -0.000000000       0.601122022
 Op%Rmat: 18        0.000000000       0.000000000       0.000000000       0.125000000       0.000000000
 Op%Rmat: 19        0.000000000       0.000000000       0.000000000       0.000000000       0.000000000
 Op%Rmat: 20       -0.000000000      -0.000000000       0.000000000      -0.000000000       0.000000000
 Op%Rmat: 21       -0.000000000       0.000000000      -0.000000000       0.000000000       0.000000000
 Op%Rmat: 22        0.000000000      -0.000000000      -0.000000000      -0.000000000      -0.000000000
 Op%Rmat: 23        0.566346074      -0.000000000      -0.000000000       0.000000000       0.000000000
 Op%Rmat: 24        0.000000000       0.566346074      -0.000000000       0.000000000       0.000000000
 Op%Rmat: 25       -0.000000000      -0.000000000       0.601122022       0.000000000      -0.000000000
 Op%Rmat: 26        0.000000000       0.000000000      -0.000000000       0.601122022       0.000000000
 Op%Rmat: 27        0.000000000       0.000000000      -0.000000000       0.000000000       0.601122022
 Op%Rmat: 28       -0.000000000       0.000000000       0.000000000      -0.000000000       0.000000000
 Op%Rmat: 29       -0.000000000      -0.000000000       0.000000000       0.000000000      -0.000000000
 Op%Rmat: 30        0.000000000      -0.000000000       0.000000000      -0.000000000       0.000000000
 Op%Rmat: 31       -0.000000000       0.000000000       0.000000000      -0.000000000       0.000000000
 Op%Rmat: 32       -0.000000000       0.000000000      -0.000000000       0.000000000       0.000000000
 Op%Rmat: 33       -0.000000000       0.000000000       0.000000000       0.000000000       0.000000000
 Op%Rmat: 34        0.000000000      -0.000000000       0.000000000       0.000000000      -0.000000000
 Op%Rmat: 35        0.125000000       0.000000000       0.000000000       0.000000000       0.000000000
 Op%Rmat: 36       -0.000000000       0.125000000       0.000000000       0.000000000       0.000000000

 Op%Rmat: 1       -0.000000000       0.000000000       0.000000000      -0.000000000      -0.000000000
 Op%Rmat: 2        0.000000000      -0.000000000      -0.000000000      -0.000000000      -0.000000000
 Op%Rmat: 3       -0.000000000       0.000000000       0.000000000       0.000000000       0.000000000
 Op%Rmat: 4        0.476122022      -0.000000000      -0.000000000      -0.000000000      -0.000000000
 Op%Rmat: 5       -0.000000000       0.476122022      -0.000000000       0.000000000       0.000000000
 Op%Rmat: 6       -0.000000000       0.000000000       0.476122022       0.000000000      -0.000000000
 Op%Rmat: 7        0.000000000      -0.000000000      -0.000000000       0.566346074       0.000000000
 Op%Rmat: 8       -0.000000000       0.000000000       0.000000000       0.000000000       0.566346074
 Op%Rmat: 9        0.000000000      -0.000000000       0.000000000       0.000000000       0.000000000
 Op%Rmat: 10        0.000000000      -0.000000000       0.000000000       0.000000000       0.000000000
 Op%Rmat: 11        0.000000000       0.000000000      -0.000000000       0.000000000      -0.000000000
 Op%Rmat: 12        0.000000000       0.000000000       0.000000000       0.000000000      -0.000000000
 Op%Rmat: 13        0.000000000       0.090224052       0.000000000      -0.000000000       0.000000000
 Op%Rmat: 14        0.566346074      -0.000000000       0.125000000      -0.000000000      -0.000000000
 Op%Rmat: 15        0.000000000       0.601122022       0.000000000       0.000000000      -0.000000000
 Op%Rmat: 16        6.919821154      -0.000000000       0.622474571      -0.000000000       0.000000000
 Op%Rmat: 17       -0.000000000       8.717702496       0.000000000      -0.000000000       0.000000000
 Op%Rmat: 18        0.622474571       0.000000000      10.910368013      -0.000000000      -0.000000000
 Op%Rmat: 19       -0.000000000      -0.000000000      -0.000000000       4.774338376       0.000000000
 Op%Rmat: 20        0.000000000       0.000000000       0.000000000       0.000000000       5.842636662
 Op%Rmat: 21        0.000000000      -0.000000000      -0.000000000       0.476122022       0.000000000
 Op%Rmat: 22       -0.000000000       0.000000000       0.000000000       0.000000000       0.566346074
 Op%Rmat: 23        0.000000000      -0.000000000      -0.000000000       0.090224052      -0.000000000
 Op%Rmat: 24       -0.000000000      -0.000000000      -0.000000000       0.000000000       0.125000000
 Op%Rmat: 25       -0.000000000      -0.000000000       0.000000000      -0.000000000      -0.000000000
 Op%Rmat: 26       -0.000000000       0.000000000      -0.000000000      -0.000000000      -0.000000000
 Op%Rmat: 27        0.000000000      -0.000000000       0.000000000      -0.000000000      -0.000000000
 Op%Rmat: 28        0.601122022       0.000000000      -0.000000000       0.000000000      -0.000000000
 Op%Rmat: 29       -0.000000000       0.601122022       0.000000000      -0.000000000      -0.000000000
 Op%Rmat: 30       -0.000000000      -0.000000000       0.601122022      -0.000000000       0.000000000
 Op%Rmat: 31       -0.000000000       0.000000000      -0.000000000       0.622474571      -0.000000000
 Op%Rmat: 32        0.000000000      -0.000000000      -0.000000000      -0.000000000       0.622474571
 Op%Rmat: 33        0.000000000       0.000000000       0.000000000      -0.000000000       0.000000000
 Op%Rmat: 34        0.000000000      -0.000000000       0.000000000      -0.000000000      -0.000000000
 Op%Rmat: 35       -0.000000000       0.000000000       0.000000000      -0.000000000      -0.000000000
 Op%Rmat: 36        0.000000000      -0.000000000       0.000000000       0.000000000      -0.000000000

 Op%Rmat: 1        0.000000000       0.000000000      -0.000000000       0.000000000       0.090224052
 Op%Rmat: 2       -0.000000000       0.000000000       0.000000000       0.000000000       0.000000000
 Op%Rmat: 3        0.000000000       0.000000000       0.000000000      -0.000000000       0.000000000
 Op%Rmat: 4        0.000000000      -0.000000000      -0.000000000       0.000000000      -0.000000000
 Op%Rmat: 5        0.000000000       0.000000000      -0.000000000      -0.000000000       0.000000000
 Op%Rmat: 6       -0.000000000      -0.000000000      -0.000000000      -0.000000000      -0.000000000
 Op%Rmat: 7       -0.000000000       0.000000000       0.000000000       0.000000000      -0.000000000
 Op%Rmat: 8       -0.000000000       0.000000000       0.000000000      -0.000000000       0.000000000
 Op%Rmat: 9        0.566346074       0.000000000      -0.000000000       0.000000000       0.000000000
 Op%Rmat: 10       -0.000000000       0.566346074      -0.000000000      -0.000000000      -0.000000000
 Op%Rmat: 11       -0.000000000      -0.000000000       0.566346074      -0.000000000       0.000000000
 Op%Rmat: 12        0.000000000      -0.000000000      -0.000000000       0.566346074       0.000000000
 Op%Rmat: 13       -0.000000000       0.000000000       0.000000000      -0.000000000       0.601122022
 Op%Rmat: 14       -0.000000000       0.000000000      -0.000000000      -0.000000000      -0.000000000
 Op%Rmat: 15       -0.000000000       0.000000000      -0.000000000       0.000000000      -0.000000000
 Op%Rmat: 16        0.000000000      -0.000000000      -0.000000000      -0.000000000      -0.000000000
 Op%Rmat: 17        0.000000000       0.000000000       0.000000000       0.000000000      -0.000000000
 Op%Rmat: 18       -0.000000000       0.000000000      -0.000000000       0.000000000       0.000000000
 Op%Rmat: 19        0.476122022      -0.000000000       0.090224052       0.000000000      -0.000000000
 Op%Rmat: 20        0.000000000       0.566346074       0.000000000       0.125000000       0.000000000
 Op%Rmat: 21        6.919821154       0.000000000       0.601122022       0.000000000      -0.000000000
 Op%Rmat: 22        0.000000000       8.336341718      -0.000000000       0.622474571       0.000000000
 Op%Rmat: 23        0.601122022      -0.000000000      10.134223060       0.000000000      -0.000000000
 Op%Rmat: 24        0.000000000       0.622474571       0.000000000      12.326888577      -0.000000000
 Op%Rmat: 25        0.000000000       0.000000000       0.000000000       0.000000000       6.572219717
 Op%Rmat: 26       -0.000000000      -0.000000000      -0.000000000       0.000000000      -0.000000000
 Op%Rmat: 27        0.000000000      -0.000000000       0.000000000       0.000000000       0.476122022
 Op%Rmat: 28        0.000000000      -0.000000000      -0.000000000      -0.000000000       0.000000000
 Op%Rmat: 29       -0.000000000      -0.000000000      -0.000000000       0.000000000       0.090224052
 Op%Rmat: 30       -0.000000000      -0.000000000       0.000000000      -0.000000000       0.000000000
 Op%Rmat: 31       -0.000000000      -0.000000000      -0.000000000       0.000000000       0.000000000
 Op%Rmat: 32       -0.000000000      -0.000000000       0.000000000      -0.000000000       0.000000000
 Op%Rmat: 33        0.622474571       0.000000000      -0.000000000       0.000000000       0.000000000
 Op%Rmat: 34        0.000000000       0.622474571       0.000000000      -0.000000000       0.000000000
 Op%Rmat: 35       -0.000000000      -0.000000000       0.622474571       0.000000000      -0.000000000
 Op%Rmat: 36        0.000000000      -0.000000000      -0.000000000       0.622474571      -0.000000000

 Op%Rmat: 1        0.000000000       0.000000000       0.000000000      -0.000000000      -0.000000000
 Op%Rmat: 2        0.090224052      -0.000000000       0.000000000      -0.000000000      -0.000000000
 Op%Rmat: 3        0.000000000       0.090224052       0.000000000       0.000000000       0.000000000
 Op%Rmat: 4        0.000000000      -0.000000000       0.090224052      -0.000000000       0.000000000
 Op%Rmat: 5       -0.000000000       0.000000000       0.000000000       0.090224052       0.000000000
 Op%Rmat: 6        0.000000000       0.000000000       0.000000000       0.000000000       0.090224052
 Op%Rmat: 7        0.000000000      -0.000000000       0.000000000       0.000000000      -0.000000000
 Op%Rmat: 8       -0.000000000       0.000000000       0.000000000      -0.000000000       0.000000000
 Op%Rmat: 9       -0.000000000      -0.000000000      -0.000000000       0.000000000       0.000000000
 Op%Rmat: 10       -0.000000000      -0.000000000      -0.000000000      -0.000000000      -0.000000000
 Op%Rmat: 11        0.000000000       0.000000000      -0.000000000      -0.000000000       0.000000000
 Op%Rmat: 12        0.000000000      -0.000000000       0.000000000       0.000000000      -0.000000000
 Op%Rmat: 13       -0.000000000      -0.000000000       0.000000000      -0.000000000      -0.000000000
 Op%Rmat: 14        0.601122022      -0.000000000      -0.000000000      -0.000000000       0.000000000
 Op%Rmat: 15       -0.000000000       0.601122022      -0.000000000      -0.000000000       0.000000000
 Op%Rmat: 16        0.000000000       0.000000000       0.601122022      -0.000000000      -0.000000000
 Op%Rmat: 17        0.000000000      -0.000000000      -0.000000000       0.601122022       0.000000000
 Op%Rmat: 18       -0.000000000       0.000000000      -0.000000000       0.000000000       0.601122022
 Op%Rmat: 19        0.000000000      -0.000000000      -0.000000000      -0.000000000       0.000000000
 Op%Rmat: 20       -0.000000000       0.000000000      -0.000000000      -0.000000000      -0.000000000
 Op%Rmat: 21       -0.000000000      -0.000000000      -0.000000000      -0.000000000      -0.000000000
 Op%Rmat: 22       -0.000000000       0.000000000      -0.000000000      -0.000000000      -0.000000000
 Op%Rmat: 23        0.000000000       0.000000000      -0.000000000      -0.000000000       0.000000000
 Op%Rmat: 24        0.000000000       0.000000000      -0.000000000       0.000000000      -0.000000000
 Op%Rmat: 25        0.000000000       0.476122022       0.000000000       0.090224052       0.000000000
 Op%Rmat: 26        7.640518003       0.000000000       0.566346074       0.000000000       0.125000000
 Op%Rmat: 27        0.000000000       8.717702496       0.000000000       0.601122022       0.000000000
 Op%Rmat: 28        0.566346074       0.000000000      10.134223060      -0.000000000       0.622474571
 Op%Rmat: 29       -0.000000000       0.601122022      -0.000000000      11.932104401       0.000000000
 Op%Rmat: 30        0.125000000       0.000000000       0.622474571       0.000000000      14.124769918
 Op%Rmat: 31       -0.000000000       0.000000000      -0.000000000       0.000000000      -0.000000000
 Op%Rmat: 32       -0.000000000       0.000000000       0.000000000       0.000000000      -0.000000000
 Op%Rmat: 33       -0.000000000       0.000000000       0.000000000       0.000000000      -0.000000000
 Op%Rmat: 34       -0.000000000       0.000000000       0.000000000       0.000000000       0.000000000
 Op%Rmat: 35       -0.000000000      -0.000000000      -0.000000000       0.000000000      -0.000000000
 Op%Rmat: 36        0.000000000      -0.000000000       0.000000000      -0.000000000       0.000000000

 Op%Rmat: 1        0.000000000       0.000000000       0.000000000       0.000000000      -0.000000000
 Op%Rmat: 2        0.000000000       0.000000000      -0.000000000      -0.000000000      -0.000000000
 Op%Rmat: 3       -0.000000000      -0.000000000       0.000000000      -0.000000000      -0.000000000
 Op%Rmat: 4        0.000000000       0.000000000       0.000000000       0.000000000       0.000000000
 Op%Rmat: 5        0.000000000       0.000000000       0.000000000       0.000000000       0.000000000
 Op%Rmat: 6       -0.000000000      -0.000000000       0.000000000       0.000000000       0.000000000
 Op%Rmat: 7        0.125000000       0.000000000      -0.000000000       0.000000000       0.000000000
 Op%Rmat: 8        0.000000000       0.125000000      -0.000000000      -0.000000000       0.000000000
 Op%Rmat: 9        0.000000000       0.000000000       0.125000000      -0.000000000       0.000000000
 Op%Rmat: 10        0.000000000      -0.000000000       0.000000000       0.125000000       0.000000000
 Op%Rmat: 11       -0.000000000       0.000000000      -0.000000000      -0.000000000       0.125000000
 Op%Rmat: 12        0.000000000       0.000000000       0.000000000       0.000000000      -0.000000000
 Op%Rmat: 13        0.000000000       0.000000000       0.000000000       0.000000000       0.000000000
 Op%Rmat: 14       -0.000000000       0.000000000       0.000000000       0.000000000       0.000000000
 Op%Rmat: 15        0.000000000      -0.000000000       0.000000000      -0.000000000       0.000000000
 Op%Rmat: 16       -0.000000000       0.000000000      -0.000000000       0.000000000      -0.000000000
 Op%Rmat: 17        0.000000000       0.000000000       0.000000000      -0.000000000       0.000000000
 Op%Rmat: 18       -0.000000000       0.000000000      -0.000000000       0.000000000      -0.000000000
 Op%Rmat: 19        0.622474571      -0.000000000      -0.000000000       0.000000000      -0.000000000
 Op%Rmat: 20       -0.000000000       0.622474571      -0.000000000      -0.000000000       0.000000000
 Op%Rmat: 21       -0.000000000      -0.000000000       0.622474571       0.000000000      -0.000000000
 Op%Rmat: 22        0.000000000      -0.000000000      -0.000000000       0.622474571      -0.000000000
 Op%Rmat: 23       -0.000000000      -0.000000000      -0.000000000      -0.000000000       0.622474571
 Op%Rmat: 24        0.000000000      -0.000000000       0.000000000      -0.000000000       0.000000000
 Op%Rmat: 25        0.000000000      -0.000000000       0.000000000      -0.000000000       0.000000000
 Op%Rmat: 26       -0.000000000       0.000000000       0.000000000       0.000000000      -0.000000000
 Op%Rmat: 27        0.000000000       0.000000000      -0.000000000       0.000000000       0.000000000
 Op%Rmat: 28       -0.000000000      -0.000000000      -0.000000000       0.000000000       0.000000000
 Op%Rmat: 29        0.000000000       0.000000000       0.000000000       0.000000000       0.000000000
 Op%Rmat: 30       -0.000000000      -0.000000000       0.000000000      -0.000000000       0.000000000
 Op%Rmat: 31        8.764885235       0.000000000       0.476122022       0.000000000       0.090224052
 Op%Rmat: 32       -0.000000000       9.833183521       0.000000000       0.566346074      -0.000000000
 Op%Rmat: 33        0.476122022      -0.000000000      10.910368013       0.000000000       0.601122022
 Op%Rmat: 34        0.000000000       0.566346074       0.000000000      12.326888577      -0.000000000
 Op%Rmat: 35        0.090224052      -0.000000000       0.601122022      -0.000000000      14.124769918
 Op%Rmat: 36        0.000000000       0.125000000       0.000000000       0.622474571       0.000000000

 Op%Rmat: 1        0.000000000
 Op%Rmat: 2        0.000000000
 Op%Rmat: 3       -0.000000000
 Op%Rmat: 4        0.000000000
 Op%Rmat: 5       -0.000000000
 Op%Rmat: 6        0.000000000
 Op%Rmat: 7        0.000000000
 Op%Rmat: 8       -0.000000000
 Op%Rmat: 9        0.000000000
 Op%Rmat: 10       -0.000000000
 Op%Rmat: 11       -0.000000000
 Op%Rmat: 12        0.125000000
 Op%Rmat: 13        0.000000000
 Op%Rmat: 14       -0.000000000
 Op%Rmat: 15        0.000000000
 Op%Rmat: 16        0.000000000
 Op%Rmat: 17        0.000000000
 Op%Rmat: 18        0.000000000
 Op%Rmat: 19        0.000000000
 Op%Rmat: 20       -0.000000000
 Op%Rmat: 21        0.000000000
 Op%Rmat: 22       -0.000000000
 Op%Rmat: 23        0.000000000
 Op%Rmat: 24        0.622474571
 Op%Rmat: 25       -0.000000000
 Op%Rmat: 26       -0.000000000
 Op%Rmat: 27        0.000000000
 Op%Rmat: 28        0.000000000
 Op%Rmat: 29        0.000000000
 Op%Rmat: 30        0.000000000
 Op%Rmat: 31        0.000000000
 Op%Rmat: 32        0.125000000
 Op%Rmat: 33        0.000000000
 Op%Rmat: 34        0.622474571
 Op%Rmat: 35        0.000000000
 Op%Rmat: 36       16.317435436
 END Writing Op


 eigenvalues = 
   1.0100087260307415     
   2.0568601816202046     
   2.0568601816202081     
   3.1037116372096718     
   3.2435193746471338     
   3.2435193746471351     
   4.2903708302365926     
   4.2903708302365988     
   4.6942450985577819     
   4.6942450985577855     
   5.4770300232635174     
   5.7410965541472416     
   5.7410965541472443     
   6.5853550008376542     
   6.5853550008376551     
   6.9277557471741718     
   6.9277557471741753     
   7.6322064564271184     
   7.6322064564271210     
   8.3784814710848252     
   8.7652621889319615     
   8.7652621889319651     
   8.8188656494540361     
   8.8188656494540485     
   9.8121136445214283     
   9.8121136445214407     
   10.269591373364698     
   10.269591373364705     
   10.998772837548335     
   10.998772837548355     
   12.160701275644582     
   12.449498561459002     
   12.449498561459011     
   14.340608463738876     
   14.340608463738882     
   16.520515651833175     


  0.95624188864488702       -7.7189893563089937E-016  -1.5853306145106145E-015  -3.8857805861880479E-016   5.9389169008335921E-002  0.27963774576974931       -1.6507048704028105E-016  -2.1485905732979722E-016   1.9766403894526931E-016   1.2255237197254241E-016   4.2732044697655500E-002  -3.1987233286823039E-016  -4.2557731458679382E-016   4.1622156091006675E-002   1.5163507481470780E-002   2.2157799206882264E-016   2.9494294255219171E-016   2.7608557998566272E-016   1.0464258097207785E-016   3.3508827717278819E-016  -1.4700489624708437E-016   4.6592178218572473E-017   4.7851212141963861E-003   8.0495010717380293E-003  -5.8562731764674922E-018   4.0304176353952204E-017   6.9210704841745911E-018  -1.1091528198505721E-016   2.4144501179817954E-017  -1.6345749445818963E-017   1.0260666574571022E-003   1.2839159034734422E-016  -9.6438375731999939E-017   2.1434605803318150E-017  -4.4492607565474687E-018   7.4842066799227458E-019
   7.5423971131002064E-016 -0.32570278567788580       0.89845419032300056       -1.1875453411996332E-016  -1.8222963686630889E-017   1.7761448853373405E-016   4.5901615566204146E-002  0.19673896754394113       0.11381912200873527       0.17030321535391754        1.9526052150928009E-016  -3.5646671546206872E-017  -1.3013093920981453E-016  -8.0982114552856679E-018  -2.1707206752360062E-016  -1.3128339950273736E-002   4.1263096991444738E-002   3.1181233381988246E-002  -2.7788914223237111E-003   2.9176945921150893E-016   4.9736459782872746E-003   3.0934399760724669E-002   1.2936138007731928E-015  -5.3230945585187942E-016   2.0839149047401747E-017   7.3690431802625208E-017   1.0972020022671151E-003   6.6195087719899594E-003   6.5980594865394787E-003   5.7806889584513695E-004   3.9009521443757807E-017  -1.1518136695160239E-016   1.2347462652912561E-016   1.0255145325252114E-003   4.0939289217908068E-005   9.9469839938802787E-018
 -0.20444649635245740        3.7432110006163226E-016   2.5831982510674788E-016   1.3877787807814457E-017 -0.54809035359683622       0.76433886853716893       -1.9770141860111000E-017  -8.0970479001819453E-016   7.7811404410200453E-016   2.4261919162131292E-016  0.19861479259174827       -1.1381092021181604E-015   2.3875627466903014E-016   6.9119113557202710E-002  0.16420060825040644       -2.4403250522298464E-016   3.9446928824077989E-016   1.7474236765618344E-016   1.7262339974724664E-016  -6.3745715448076429E-017  -9.8905486338241121E-016   5.3004705627547739E-016   2.0550461638293001E-002   4.4059400578322833E-002   6.3737854540235526E-017  -1.4165977041366698E-016   9.7510493036424273E-017   2.9236429873452817E-017   4.5451035679424648E-016   2.6146321403936382E-016   5.8317037607090033E-003   5.4319799546533329E-017  -4.4599512469105417E-017   3.7101899513496493E-017  -3.3519835862413032E-017  -1.3332755324234228E-018
  -2.4620654171514798E-016   7.0620852738771722E-002 -0.19480828490697438        4.6533296206432783E-017   1.7626943020283409E-017  -6.8623235332609098E-016  -9.9526665902649365E-003  -4.2658135778551841E-002  0.52433572625107461       0.78454356815927839        6.7023548561626726E-016   3.4728522681867419E-016  -3.4740497181257515E-016   2.6451754731669195E-016  -1.1342318001320602E-015  -6.0478920771937582E-002  0.19008858570106751       -6.7609040748596626E-003   6.0253608671143998E-004  -2.8240841490975454E-016   2.4005066076661481E-002  0.14930341112733969        6.6461101919014224E-015  -2.4972425619762246E-015  -1.2201427128053789E-016   4.3397171170161426E-018   5.0545303684450069E-003   3.0494392138436206E-002   3.1845220718075606E-002   2.7900220687622247E-003  -4.1394701751328003E-016   2.2330326528842264E-016  -4.0999967455689492E-017   4.9495971814869635E-003   1.9759153488177499E-004   4.5116075327072626E-017
   6.7059059753902805E-003   1.9404709788952496E-017  -6.4599438265961081E-017  -2.2117724318704290E-017   9.9597843521745139E-002 -0.15070805881269034        6.3876469352441410E-017   1.1909506226345700E-016   6.3618862309545582E-016   3.0124833095683939E-016  -3.8186139073621200E-002   9.9140589957608195E-016  -4.3486131331420946E-017  0.40608133249310663       0.87101336342069269        1.9565944744267475E-015   6.3630074369228957E-016   1.7034274228358152E-015   5.3597905178995385E-016  -3.1644567324366404E-017  -9.5406066003447189E-016   6.4213034455347670E-015  -5.5811022143279973E-002  0.19542772847533182        5.9686535439414459E-016  -1.1503436663420325E-015   5.3061488396564298E-016  -7.5893763633045121E-017  -9.8014907122756447E-019   2.1020761506776865E-017   3.1480233098230510E-002   1.5862050561249762E-016  -4.5645446682575772E-017  -2.3989324670293003E-019   6.0820682938552511E-017  -4.5561714070432992E-018
   1.6082908678342385E-017  -4.9143403745092302E-004   1.3556254033755175E-003  -2.5513036910189892E-018   2.1803664688341675E-016  -2.7701114069920113E-016   6.9258284716051239E-005   2.9684801418867270E-004  -8.5808041748396457E-002 -0.12839130328077519       -1.5746416867873060E-016  -2.3033122071117370E-016   1.0490820139004429E-016  -2.6662608076276368E-016  -8.8812936891668529E-017   9.8974330732727288E-003  -3.1108178369520803E-002   4.7047554050870801E-005  -4.1929080480162907E-006  -1.5771210075431781E-016  0.15328178461418177       0.95336097944897080        4.3159738115074913E-014  -1.7031556928801383E-014  -7.9269045642709946E-016   5.8274362861745817E-016  -8.2717871615502767E-004  -4.9904363610990161E-003  0.20334425439657000        1.7815387820514381E-002   1.3307640595542104E-016  -9.2653611049202522E-017  -2.1709677389418268E-016   3.1605123963281016E-002   1.2616996343455473E-003   2.6857602547193292E-016
   8.6221700428354527E-016  0.89845419032300022       0.32570278567788635       -1.1239696349799431E-016   2.6472158093223258E-016  -2.0809872065697510E-016  0.19673896754394196       -4.5901615566203903E-002  0.17030321535391707      -0.11381912200873540        8.9517624966035157E-017  -4.0090778164256076E-017   1.1096889334420813E-017  -1.5565316644500703E-016  -1.7456203548606281E-016   4.1263096991444759E-002   1.3128339950273366E-002   2.7788914223241907E-003   3.1181233381988149E-002  -9.4091097710291826E-018   3.0934399760724672E-002  -4.9736459782872607E-003   7.4259674287146718E-016   4.4617819451450681E-016   1.8032986427287613E-016  -1.5955233855039193E-016   6.6195087719902665E-003  -1.0972020022673916E-003  -5.7806889584523105E-004   6.5980594865398560E-003   5.2767345538351262E-017  -9.6029983174889617E-017   1.2009311165072206E-016  -4.0939289217949342E-005   1.0255145325251853E-003   1.2354895152847780E-017
   6.1062266354383610E-016   7.7762131903469242E-017   1.7146955021252577E-016  0.95509540792189429        5.2620328753122664E-017   1.4065266647849050E-016  -5.5101658689083139E-017   2.5761136678498545E-018  -1.1010944852455832E-016   1.5768567026560813E-016  -1.0376209771485283E-016   3.1599017970146553E-002  0.28777916342184967       -1.1293863446920324E-017  -3.6296378451543306E-018   7.3640176073683035E-019   5.0444736801266315E-017  -1.4817218440548686E-016  -1.8095188483247175E-016   4.3877995926513452E-002   4.7756319186787849E-016  -7.4803316221859751E-017  -1.0413126278665096E-017  -5.3212733176227389E-017   3.8783379402101900E-002   2.1373909855330143E-002  -9.0888900269717531E-017  -3.2509919411550353E-017   1.0587317756665377E-016  -5.2391534045167130E-018  -7.3737136351687932E-017   6.0263712697296162E-003   7.3329948066810152E-003  -7.8567874897696285E-018   6.2112283989306328E-018   1.0265961515917253E-003
  -1.7130783305389293E-016 -0.19209136676184169       -6.9635930170810587E-002   4.5130918508122144E-018   8.3588929941428487E-016   8.6219593434850239E-017  0.91442545073436776      -0.21334667975314411       -3.6411180173259124E-002   2.4334764026677586E-002   1.0101674484548424E-015  -1.7134925798468524E-016   2.7157456856073157E-016  -6.0851139015352540E-016  -2.3829492749458893E-016  0.19178725260246379        6.1019371638927705E-002   1.5793975411238694E-002  0.17722017829518119        1.4118272783050468E-016  -6.6138387399121605E-003   1.0633758115312923E-003  -1.4932100745786925E-016  -3.0459761326243569E-016   5.7987631154089930E-016  -1.5745288402482829E-016   3.7622325917238804E-002  -6.2360052306323788E-003  -2.6868134830526080E-003   3.0667201293528835E-002  -1.6610357487474494E-016  -2.4156708431760526E-018   2.0084478885807390E-016  -2.3268060136069787E-004   5.8285657296481162E-003   3.3354199829334317E-017
  -4.1633363423443370E-017  -1.2573646617155476E-017  -7.2284687731708731E-017 -0.20708957712457382        2.9191937657120541E-018  -1.3896991913901064E-016  -1.5481210553401058E-016  -2.3948264513172409E-017   1.9518508610242340E-016   3.3299242666610211E-016  -3.6363395476170235E-015 -0.62470312085817481       0.70787373114668595        3.2933072439552876E-016   1.5034612154712062E-016  -2.7611971659002764E-016   1.0231588466846480E-015   1.1038881701347380E-016  -1.3301694316203274E-015  0.20213475956003701        7.6814778859427232E-016  -9.8425230900853146E-017   3.1590368108950181E-016   5.7151535303507056E-016  0.14328573625854063       -4.8534823023808314E-002  -1.6520957747262697E-016   1.2107495385885899E-016   2.8602174123791617E-016  -5.5857272314277858E-016   1.9962679933242748E-016   2.7618421447908922E-002   3.5248813951997381E-002  -7.6808105509967063E-017   2.3773139574953566E-016   4.9548175645368515E-003
   2.4078626410853061E-017   6.3006540448039949E-003   2.2840792508826650E-003  -3.0161285026881960E-017  -2.4385997212990900E-017  -1.6685745787579285E-016 -0.17580955063088147        4.1018525748456047E-002   1.1942975548664627E-003  -7.9818750826143002E-004   8.3163946292124614E-017  -9.2509221705466850E-016   7.4330293578888963E-016  -1.1507344664641931E-015  -3.6846551513005754E-016  -3.6873460455076675E-002  -1.1731725422781752E-002   8.5257764779365461E-002  0.95665567925962536        6.1138931627294075E-016   2.1693588062271225E-004  -3.4879043348232030E-005  -4.4278137426008349E-016  -9.7024158696078820E-016   4.5216570738874378E-016  -3.1886018195038698E-016  0.20308980671340027       -3.3662700699015918E-002   5.1657297017055747E-004  -5.8961470004940519E-003  -4.0551900680607566E-016   1.7647240734205784E-016   1.1565184539892465E-016  -1.2560376639193967E-003   3.1463293631939213E-002  -1.8422392178589477E-017
   4.0657581468206416E-017  -6.6385196562171594E-017  -9.0660256556085852E-017   1.4410880505333081E-003  -2.8537269931947998E-017   1.7434629655145448E-017  -4.2393780729710812E-016   1.5559252140434645E-016  -1.6857790544618117E-017  -3.5973483208135873E-017   6.8586629431433010E-016   9.6807832732391935E-002 -0.12019606514414673       -8.2053897244608915E-016  -4.1893003159112819E-016  -1.5347182591586675E-016  -2.7004664289760555E-016   3.1425679563693087E-016  -2.9221407416746127E-016  -3.3079546212008822E-002  -4.8118794953967157E-016   7.0014449256212600E-016   2.0723954049125405E-015  -3.9076948033315936E-016  0.92700077001940273      -0.26822406800186133        2.7407349369270419E-016   6.3325668493503609E-016   1.8722491552116227E-015  -5.7697416431597410E-016   9.3315618662988865E-016  -2.5170084258207878E-002  0.20536726342026290       -2.2290923308862399E-016  -1.0154407519897540E-016   3.1638458161475050E-002
 -0.20444649635245746        3.1854871346982185E-016   5.0620573955738984E-016  -2.7755575615628914E-017  0.81142847042576438       0.47560569702757804       -1.0944756174528239E-015  -7.6656376344528541E-016   1.5020622858535982E-017   2.7203893700309782E-016  0.19861479259174811       -7.0961436259268614E-016   2.3533478479226102E-016  0.15854369437675642       -8.1260006042988525E-002   4.1540977450537127E-016   1.9439191920638980E-017   9.1494979025877329E-017   8.6786049389664059E-017  -8.8122264882337971E-017  -1.1354543930102896E-015  -5.4695812028371665E-016   2.8886849558738697E-002   3.9103736080314200E-002   1.8245442952304606E-017  -4.4746472952137995E-017   1.0112111447704901E-016  -2.4724146489898385E-017   5.6416085593115536E-016   2.0722721346312662E-016   5.8317037607090588E-003   2.6532422817696955E-017  -2.1784563495668724E-017   4.1045294703250316E-017   7.3204728796404716E-017  -5.8159860815222701E-019
  -3.0207714593552863E-016   6.9635930170810462E-002 -0.19209136676184177        1.1392056201168446E-016   6.3372500407543279E-016   1.1983928462680275E-015  0.21334667975314428       0.91442545073436776       -2.4334764026677315E-002  -3.6411180173255384E-002  -2.7990332681350352E-016  -9.9153725463617142E-017  -2.6425679603960065E-016  -1.4301268706997283E-016  -2.2604393798293680E-016  -6.1019371638929162E-002  0.19178725260246285       0.17722017829518083       -1.5793975411238122E-002  -1.3396570626027792E-016  -1.0633758115318032E-003  -6.6138387399125509E-003  -5.8539302761176377E-017  -2.6519771630161923E-016  -1.5564282550573003E-017   6.2090949113527779E-016   6.2360052306318099E-003   3.7622325917238499E-002   3.0667201293528921E-002   2.6868134830530643E-003   2.6423629605553475E-016   1.8787144995248034E-016  -6.3468798400162053E-018   5.8285657296481327E-003   2.3268060136069976E-004   3.9902277413673523E-017
   4.3711084368024115E-002  -9.0830145252880814E-017  -6.9854098222015192E-017   4.8572257327350599E-017  -5.9016992446098912E-002 -0.27788532834027435       -6.0402997401888174E-016   5.5908427699365042E-016  -3.1832930390271806E-016  -1.0451654124336588E-015  0.92314412089032305       -4.2907245596710699E-015   7.9175679058896499E-016  -5.0577383800735620E-002  -1.8426016566243757E-002  -9.8067693863359919E-016   1.0615288372243149E-015  -1.3345889782718391E-015  -1.2024696270843762E-016   2.1363563952602582E-017  -6.8927966012461976E-015  -1.0774713021442177E-015  0.12640688811587766       0.21264087905340961       -1.4156584875182049E-017   6.8264865783733418E-017   2.6632783161555935E-016  -1.9114419525851369E-017   8.3675123438742152E-016   5.4141015051135791E-016   3.3144794741652925E-002   1.1202703801570708E-016  -6.6729364354453260E-017   1.8650619617775298E-016   4.2344154152025473E-016  -2.9443384175567915E-018
   1.1636409035224115E-017  -1.5098884584867347E-002   4.1650414798397248E-002   3.8548159183347664E-017  -1.6956691407792019E-016  -6.3006486375468429E-017  -4.6259120632923506E-002 -0.19827127042371201      -0.11210406427223936      -0.16773703981251362       -1.0704337186029144E-015   6.0190394919825912E-016  -2.8244108004774671E-016   1.7022271501347124E-015  -6.6280078590632348E-016 -0.28110071470439191       0.88351505972162558       -3.8425953550488452E-002   3.4245455081252851E-003  -4.0287443373119195E-016  -5.1323328462822186E-003  -3.1921378534999038E-002  -1.9675071471943279E-015  -6.7799472856694585E-016  -2.5083208157806205E-016  -1.3226821553651096E-016   2.8727688931372272E-002  0.17331647999846611       0.14801379041677448        1.2967777658063201E-002  -7.1633780458996343E-016   7.0797976743812714E-016   5.6917217928084532E-017   2.8131295649746185E-002   1.1230218706366115E-003   2.1690333182063819E-016
  -1.4337365867546604E-003  -2.0768128933163553E-017  -2.4603146641953875E-019   1.6263032587282567E-018  -1.5514817825447180E-002   3.5976282735178083E-002   1.9165432218302618E-016  -9.4668097723676237E-017   1.2524215762367680E-016  -1.7954935365484084E-016 -0.17748582230615650        1.1345325618573658E-015  -1.6885528726024615E-016  -8.5646793263705862E-002 -0.18677158366828095       -4.5633966564959195E-016   5.9191273766753215E-016   5.9270723125921560E-016   5.0403484742962349E-017  -1.0921889142136013E-016  -5.6048773354818214E-015   2.8769541101672805E-014 -0.26534374258612947       0.90682038841313428        5.0108658251770199E-016  -8.6228560329227436E-016   9.9137009226064437E-016  -1.2053684872013709E-016   6.2238971933426115E-016  -3.0827877128167861E-016  0.17891955889291128        6.8848490605270461E-016  -4.5661690143397467E-016   4.3871268711020729E-017   1.0105927863823072E-015  -3.7662835419300247E-017
   1.7243130857965602E-016   1.0506961506090221E-004  -2.8983551900171834E-004  -1.4130968375980749E-017  -2.7910012003852473E-016  -3.0585263937951859E-016   3.2190642763351167E-004   1.3797235116269203E-003   1.8345937050703642E-002   2.7450326564420331E-002  -5.0044157196569506E-016  -2.1338928852945567E-016   1.0587714001744418E-016  -5.2432790595033959E-017   1.3491668636748396E-016   4.6002400094531326E-002 -0.14458808228075554        2.6739724548615398E-004  -2.3830613200606337E-005   7.1324627752033033E-017  -3.2771963026458496E-002 -0.20383055199945607       -9.8645754984084746E-015   3.0158686146838025E-015  -1.5522827868917819E-015   4.5605612637406028E-017  -4.7013136960636073E-003  -2.8363407272901424E-002  0.94512624419102931        8.2804358694945623E-002  -7.6719212893063461E-016  -2.9418922522587932E-016  -1.6701447915181555E-016  0.17962938268662018        7.1709361658168630E-003   1.4383211107670764E-015
  -2.0955430718398477E-016 -0.19480828490697449       -7.0620852738771889E-002   1.3070107017253085E-016   3.3644840930646738E-016  -1.1127894143550606E-016  -4.2658135778548371E-002   9.9526665902658976E-003  0.78454356815927917      -0.52433572625107483       -2.1660245424753237E-016  -4.4953419046559743E-017  -6.8876373973134887E-017  -6.2921868779007090E-016  -5.6245250647397688E-016  0.19008858570106643        6.0478920771936985E-002  -6.0253608670887866E-004  -6.7609040748596192E-003   2.8577586628521788E-017  0.14930341112733961       -2.4005066076661020E-002   3.8041954708047862E-015   2.4634030995152418E-015   6.3824805747547895E-017  -1.2845785138839237E-016   3.0494392138436410E-002  -5.0545303684455855E-003  -2.7900220687621085E-003   3.1845220718075579E-002  -1.8541385356179520E-016  -3.9356807047120447E-017   2.3904182637129910E-016  -1.9759153488197289E-004   4.9495971814868004E-003   4.8074222686444097E-017
   2.2204460492503131E-016  -2.1517398312719149E-017  -4.1940893367846525E-017 -0.20708957712457343       -5.5835054759007765E-017   7.5364864318874783E-017  -2.4353463772604109E-017   4.2390888567688631E-016   1.4673352472261326E-016  -1.3675297424915927E-017   3.3115803393761467E-015  0.76342026351326475       0.55545360716698011       -4.6500323481663083E-016  -3.0110591685459885E-016   2.3697320135910858E-016  -2.1616054760622495E-016  -7.5285524796108263E-016   3.3172271872715345E-016  0.20213475956003718       -7.0109288888237233E-016   1.8268507284935515E-016  -3.8293401449098352E-016  -4.1275601740026688E-016   3.5491154831131987E-002  0.14706056299993198       -5.7031334657396701E-016  -3.0977638050713884E-016   2.0985336497142241E-016   6.4834088356760556E-017  -3.9796054993131207E-016   2.9229531874495243E-002   3.3924777887183143E-002  -1.2808037464573493E-017  -2.0746664362479403E-016   4.9548175645368455E-003
  -9.0516834537507632E-017   4.1650414798397123E-002   1.5098884584867321E-002  -1.7616243752937627E-017  -4.3491935788439096E-016   3.4435102632496282E-017 -0.19827127042371254        4.6259120632923645E-002 -0.16773703981251217       0.11210406427223885        2.9447404519562754E-016   4.8280186988176354E-017  -1.7487526766870647E-016  -1.8135685274485066E-015  -1.0974655539895582E-015  0.88351505972162636       0.28110071470439174       -3.4245455081214505E-003  -3.8425953550488764E-002   4.6741099703994535E-016  -3.1921378534997588E-002   5.1323328462829811E-003  -5.1578058475391500E-016  -4.6291406906987118E-016  -1.1719295220305015E-017   3.5095133113769795E-017  0.17331647999846628       -2.8727688931373303E-002  -1.2967777658061799E-002  0.14801379041677482       -2.4757421438099631E-016  -1.7058380680782541E-017   9.4909304458422125E-016  -1.1230218706367230E-003   2.8131295649746584E-002   1.9921076865273332E-016
  -3.4694469519536142E-016  -1.9692481782116241E-016  -3.0918294471706033E-016   4.4902417703951460E-002   2.3843717699036098E-017  -2.2678557483227181E-018   2.6606302175200666E-017  -9.4411696214478301E-017  -9.2794919097799149E-020   3.1295365956112927E-017   6.3933451217006095E-017  -3.1563073663911229E-002 -0.28745181076842019       -7.3909697058972404E-018   2.7722303849869342E-017  -4.5830867271373603E-016   2.4265186661279690E-016   2.5454154225066504E-016  -1.4381284751885729E-016  0.93118339066404365        1.0709253193915090E-017   2.0674174883275751E-016  -1.3403496224977110E-016   1.1367648313433834E-016  -4.0586833478379221E-002  -2.2367811507244498E-002  -1.5780499957031049E-015  -6.0122502127101340E-016   1.9186801769474379E-017  -3.2601006047752229E-016  -9.0925678165298929E-017  0.13399177468824774       0.16304355373229099       -2.3053139992281338E-016   1.8836404504290815E-016   2.3914191632004794E-002
   6.0482657170641926E-018  -1.3661460110941143E-003  -4.9524791163367110E-004   3.2098418208778247E-019  -6.0036369206554024E-018   7.9816523470645932E-017   3.8120092707625952E-002  -8.8938854496258008E-003   5.5018248668534508E-003  -3.6770466986761957E-003  -2.9696705513800048E-016   3.7337986413334424E-016  -1.9696141821781386E-016   6.7232648675467018E-016   3.5037273206662803E-017 -0.16986664741289836       -5.4045073105204317E-002  -1.8486105480458530E-002 -0.20742788461600356        1.1663057597884092E-015   1.0470307238308269E-003  -1.6834204603939835E-004   7.3604214394650410E-017  -6.5826161247657594E-016  -2.7694959690080878E-016   7.5303687655929656E-016  0.93558304982434271      -0.15507549440801560        2.4932149044165040E-003  -2.8457473443517560E-002  -3.2154585039864639E-015   6.8263221325510674E-016   4.0135209423877548E-016  -6.0622061258055566E-003  0.15185609227543143        3.3749203256741862E-017
  -2.1223257526403749E-017  -1.2617924711790038E-016  -1.3185850470310984E-016  -3.1246544848698865E-004   1.0354119113961636E-017   2.2686632830492713E-017   9.4331943878020629E-017  -1.7076903354425435E-017   1.8270768221181566E-017  -1.7157881015191663E-017  -1.1096809235389138E-016  -1.9828242880464305E-002   2.6993880077502488E-002   8.2832151914958296E-017   4.6827945528705519E-017  -7.1923686161064029E-016  -2.4524318335377354E-016  -1.0896507995055163E-016   7.9375301350269734E-017 -0.15238905010880888        1.1888237737577099E-016  -2.2724197076525287E-017  -4.7327244647286124E-016   1.2454250855350801E-017 -0.20093168862560434        5.8386852436914702E-002  -3.5024793751287865E-016   1.0263621209615579E-016  -2.9616060466197020E-017   7.1775835658975243E-017   2.9469644271769083E-015 -0.11705857294033245       0.94596650078698141       -1.6172720865997533E-015  -1.9242982195584714E-016  0.15270151555729483     
   6.7059059753904419E-003  -1.8583796327804064E-016  -7.4476192402664190E-017   1.2143064331837650E-017 -0.15225261178042193       -9.7220325196491097E-002   1.0434174736281074E-016   1.9977829657634821E-016  -1.7778169777815070E-016  -3.8765629450753376E-016  -3.8186139073621145E-002   7.0651066206288270E-016  -1.0469673881610149E-016  0.87119891188067777      -0.40568310760337056        1.5956034489466752E-015  -1.4585845801518844E-015   8.3903596432418470E-016   6.9079374493864649E-016   2.8457727472634600E-017  -5.5771419308592180E-015  -7.2248490356052599E-015  0.19834483820202994        4.4341768213689375E-002   1.0072915044534501E-016  -2.0192911340455453E-016  -1.4803415414918176E-016  -2.3979810471833162E-017  -9.3675258252457875E-017   8.8545447898744398E-017   3.1480233098230330E-002   1.3849743135135169E-016  -4.5606554763557175E-017   2.5246249630648629E-016  -2.2369732046324349E-017  -3.9018528764611897E-018
   5.6856660689500236E-017  -2.2840792508826706E-003   6.3006540448040486E-003  -3.4036626183497002E-017  -2.1104316086782388E-016  -2.8041446301069207E-016  -4.1018525748455631E-002 -0.17580955063088108        7.9818750826063335E-004   1.1942975548664724E-003   6.0066159352702343E-016   7.5146536930833386E-016   4.5747456384297464E-016  -1.6458548049452097E-015  -4.6953201050761138E-016   1.1731725422778141E-002  -3.6873460455077299E-002  0.95665567925962591       -8.5257764779365322E-002   7.3789041594004848E-017   3.4879043347597304E-005   2.1693588062190252E-004   3.2302404124532822E-015   7.8175906568439598E-017  -4.5690249559662244E-016   4.5684704157005917E-016   3.3662700699015294E-002  0.20308980671340127       -5.8961470004938602E-003  -5.1657297016870262E-004  -3.2082086340496072E-016  -1.4490379859018541E-016   1.4858355841176796E-016   3.1463293631939386E-002   1.2560376639199262E-003   3.6121509942627294E-017
  -1.4337365867545778E-003  -1.0519686454915511E-016  -4.0712886940122980E-017  -1.0842021724855044E-017   2.8797336127229338E-002   2.6565314294652406E-002   1.9848035076446396E-016   1.4707238729045133E-016  -2.7676135406341142E-016   4.3308014810404342E-016 -0.17748582230615639        7.5858008425018197E-016  -9.9652289889926993E-017 -0.18571700924660550        8.7910125348621165E-002  -6.3811050923377441E-016   5.0565090546393056E-016  -2.8529343401609544E-015   6.0460078143948050E-016   9.4102417460112419E-017  -2.7560742880235024E-014  -3.3671385914733501E-014  0.92339993481974370       0.20015763524346369       -1.4294498435949790E-015   2.6379405510796685E-015   7.4163960461585948E-016   1.0196859994874186E-015   6.5772858154129596E-016   6.2434664590098959E-017  0.17891955889291158        6.1180259665716368E-016  -3.4258478681518271E-016   1.0473314444386526E-015   1.1766820607083885E-015  -1.6376902787305309E-017
  -7.5581488043882447E-017   4.9524791163363022E-004  -1.3661460110939482E-003  -7.5910366358078874E-018  -4.1222412177175454E-017  -1.4701623549879415E-016   8.8938854496261200E-003   3.8120092707626126E-002   3.6770466986764125E-003   5.5018248668536347E-003   2.7894843566582761E-016  -2.1769611109601605E-016  -1.9580846888390837E-017   2.9668590233332571E-016   2.4638416091938215E-016   5.4045073105205399E-002 -0.16986664741289789      -0.20742788461600400        1.8486105480458294E-002   8.9876508996528017E-016   1.6834204604011251E-004   1.0470307238308410E-003  -1.5402980601470271E-015   5.5134743481752118E-017  -3.0067772021249053E-016   6.8344447000256725E-016  0.15507549440801605       0.93558304982434271       -2.8457473443516804E-002  -2.4932149044103354E-003  -1.2818220806519793E-015   6.7720981496058432E-016   1.3185811678508483E-016  0.15185609227543112        6.0622061258063156E-003   2.1313392166161964E-016
   4.7026987088487763E-005   6.2838624153414583E-017  -2.8733653547715112E-017   5.3261431723350405E-018  -3.7217656223686920E-004  -1.7524174294752080E-003   3.4975318723198348E-017  -9.2524435837913522E-017   9.4065178102876394E-017   1.4258449996587464E-016   3.4123834412021666E-002   1.4392056902998476E-016   1.5210008748717350E-016   8.9552277097298908E-003   3.2625090847732312E-003   5.2420674756982602E-017  -1.0456760444336522E-016   2.8554687699776534E-016  -5.5798452365121896E-016   9.5598453629916115E-017   6.6891808754702110E-015   6.6009301942265646E-016 -0.13119200933007424      -0.22069038012514744       -5.3198139441775698E-017   1.0275655021613621E-016   2.3696062784351478E-015   7.4131584755442139E-016   1.2922068362935768E-016   4.8293929918416502E-016  0.96582913860089092        4.0044727007413491E-015  -2.5642034565852127E-015   4.6984383472825365E-016   3.1369909582524829E-015  -5.4078160144784659E-017
  -4.8128217341797710E-017  -3.4463146693058451E-006   9.5066913516425571E-006  -6.3713292315443159E-017   5.3925409052286208E-017   7.6163996475721563E-017  -6.1890473785474929E-005  -2.6526883124178741E-004  -6.0175219965794588E-004  -9.0037888747877967E-004   4.8800496733972509E-017   3.0284313616994454E-017   2.1212582656231301E-016  -4.1697158499807499E-017   8.7896136067169124E-019  -8.8445277655673140E-003   2.7798838879589245E-002   1.4434422534350397E-003  -1.2864049499107299E-004  -1.6122066793633860E-016   1.0749301484996234E-003   6.6857028171510057E-003  -4.5139904799971220E-016  -2.1306350328770465E-016   3.1489528929025318E-016  -1.2466819373467657E-016  -2.5378252581522598E-002 -0.15310905852708848      -0.18171215613829705       -1.5920157384886668E-002  -5.0578529749356057E-016  -4.4719413670363162E-016   1.3866943478204139E-015  0.96966085217920817        3.8709569500661151E-002   1.4574895598714080E-015
   7.0132212884446815E-018   1.3556254033754891E-003   4.9143403745091250E-004  -2.9767021198502571E-016  -2.2077796715908928E-016  -2.4628701733081394E-016   2.9684801418816410E-004  -6.9258284716080051E-005 -0.12839130328077492        8.5808041748396222E-002   3.8083037778481493E-016   9.9736357342835286E-016  -1.5923415479005070E-016  -4.0740653243421569E-016  -5.4490822461417773E-017  -3.1108178369521448E-002  -9.8974330732733203E-003   4.1929080481089129E-006   4.7047554049931590E-005   3.7959909907264177E-017  0.95336097944897125      -0.15328178461418168        1.9256074757885359E-014   1.6617122548289227E-014   3.9336952631602875E-016  -8.7688094893485633E-016  -4.9904363610994429E-003   8.2717871615312381E-004  -1.7815387820515380E-002  0.20334425439656978       -3.0388119979224791E-016   1.3678252806836665E-016   1.4078614926985576E-017  -1.2616996343454588E-003   3.1605123963280808E-002   2.8142711568067829E-016
  -5.1282762758564360E-017   2.8038670484823029E-017   2.9310878031418076E-017   1.4410880505332823E-003  -8.2246263278452672E-018   7.6996126516899105E-018  -1.6243332180195587E-016  -6.3678957675086753E-016  -2.1612835283413425E-017   4.5801095109718978E-017  -6.1861865456591669E-016 -0.12058260050316105       -9.6325941523422054E-002   8.4164794759742802E-016   4.5726925578179998E-016   7.5898878626955882E-017  -2.1975290545919325E-017  -5.3432812278326880E-017   3.6656346000199194E-017  -3.3079546212009085E-002   6.4568234665724534E-016  -5.1425080275803244E-016  -2.0916852388255888E-015   3.5591796915889466E-016  0.26831483584555627       0.92697450188082642       -6.8841392013011823E-016  -6.0715550469402138E-016   2.6999918488303530E-016   1.9797194354270114E-016  -1.0497188160019041E-015  0.20635232467385051        1.5098480982892976E-002   1.5381811093165232E-016  -4.7747933876118776E-016   3.1638458161474967E-002
   1.8865708952685595E-016  -2.8983551900178773E-004  -1.0506961506104615E-004   6.9016442513078646E-017   3.1113187563589323E-016  -5.8133049185372667E-017   1.3797235116272263E-003  -3.2190642763334275E-004   2.7450326564420306E-002  -1.8345937050703795E-002  -8.6634893493154163E-016  -4.1716997310476995E-016   1.8526688434969326E-016   3.0092070954583181E-016   2.4752387502033069E-016 -0.14458808228075568       -4.6002400094531271E-002   2.3830613199537507E-005   2.6739724548654705E-004   7.4956747525642659E-017 -0.20383055199945596        3.2771963026459315E-002  -4.1882602235874017E-015  -3.4456741714553252E-015   6.4909875455208287E-016  -1.8068693661502280E-016  -2.8363407272901160E-002   4.7013136960575921E-003  -8.2804358694945845E-002  0.94512624419102997       -9.3078863936820202E-016   1.0254368877616254E-015   1.4030423320388077E-019  -7.1709361658166635E-003  0.17962938268661977        1.2618050152087734E-015
  -3.0682921481339775E-016   4.6245222540442874E-017   3.1862486865822778E-017  -3.1246544848719242E-004  -1.5739765266525063E-018   1.2762443234777938E-017   4.4211682787242954E-017   7.4691896985827602E-017  -7.6397955431035280E-017  -4.7362820990654383E-017   7.5684087903066244E-017   2.5213210058143559E-002   2.2048193030931220E-002  -1.5545797400374346E-016  -1.0707013363062132E-016   3.4986184078343354E-016  -6.9920213154406685E-016   1.4503799095874119E-016   3.1852312949581602E-018 -0.15238905010880821       -1.0671757411782595E-016   1.2762690995522904E-016   4.8405075081350039E-016  -3.0639156860876926E-017  -5.7948765750592796E-002 -0.20105847054876835        8.2616417198338016E-017  -4.7376133567070452E-016  -1.7225673922618145E-016  -7.6490499735609890E-016  -3.7363013732636313E-015  0.95072085213912005        6.8448458111627364E-002   8.2008915387177368E-017  -3.2869151993598538E-015  0.15270151555729430     
   1.8843795402343765E-017   9.5066913516504413E-006   3.4463146693003876E-006   1.0310563203101636E-017  -9.5683296161850397E-017  -5.3907388180945559E-017  -2.6526883124172859E-004   6.1890473785642045E-005  -9.0037888747850016E-004   6.0175219965804313E-004   2.4947620434530950E-016   2.5704749519412049E-016   1.2095781355349166E-017   2.1384672959221979E-016  -1.2382545746068999E-017   2.7798838879589113E-002   8.8445277655674233E-003   1.2864049499073708E-004   1.4434422534350981E-003  -9.0915136317379464E-016   6.6857028171509372E-003  -1.0749301484998669E-003  -1.8152882915358491E-016  -2.4540387566195088E-016  -2.1901595694279953E-016   4.2159051288363849E-017 -0.15310905852708892        2.5378252581523097E-002   1.5920157384885350E-002 -0.18171215613829667       -2.9312313699570795E-015   2.7987155584477176E-015   2.2724112186027967E-016  -3.8709569500661317E-002  0.96966085217920761        2.3513664133096294E-016
  -9.2649522561859439E-018  -4.7242682898163337E-018  -6.8964219930008137E-018   2.1743741537801364E-006  -5.6859017740925586E-019  -2.1548452704830721E-018   6.3708026444141849E-019   7.1974178981295984E-018   1.9388848429325273E-018   5.0187679868545775E-018  -5.9803107803796215E-018  -3.5944306235672027E-005  -3.2735265342905771E-004   9.8543103821814239E-018   4.7272713729407088E-018   6.9271000173466477E-017   1.5597143966000513E-016  -5.1553730522085207E-018   2.5404918734309972E-017   2.4938613409442919E-002  -1.8950730371032406E-017   2.5092929855097928E-018   1.5352776654827841E-018   2.8858515943910904E-017   1.8034540762774990E-003   9.9390165191473915E-004   1.1119090298320565E-016   8.9504494920118655E-017  -1.1375740484844987E-015  -1.2412136933585168E-015   1.8979983244393218E-016 -0.14001814595797646      -0.17037654853897011       -1.5084187607132446E-015  -3.0816803897810147E-017  0.97505921221640424     
 Writing psi (complex):
               (2.3450271818986841,0.0000000000000000)               (3.5383254680284946,0.0000000000000000)               (5.0014079302018919,0.0000000000000000)               (6.5295050955106344,0.0000000000000000)               (7.8299118656422726,0.0000000000000000)               (10.078705880110611,0.0000000000000000)               (3.5383254680284946,0.0000000000000000)               (4.7316237541583028,0.0000000000000000)               (6.1947062163317019,0.0000000000000000)               (7.7228033816404391,0.0000000000000000)               (9.0232101517720871,0.0000000000000000)               (11.272004166240421,0.0000000000000000)               (5.0014079302018901,0.0000000000000000)               (6.1947062163317010,0.0000000000000000)               (7.6577886785050993,0.0000000000000000)               (9.1858858438138373,0.0000000000000000)               (10.486292613945485,0.0000000000000000)               (12.735086628413827,0.0000000000000000)               (6.5295050955106326,0.0000000000000000)               (7.7228033816404427,0.0000000000000000)               (9.1858858438138391,0.0000000000000000)               (10.713983009122574,0.0000000000000000)               (12.014389779254223,0.0000000000000000)               (14.263183793722561,0.0000000000000000)               (7.8299118656422770,0.0000000000000000)               (9.0232101517720835,0.0000000000000000)               (10.486292613945489,0.0000000000000000)               (12.014389779254223,0.0000000000000000)               (13.314796549385871,0.0000000000000000)               (15.563590563854214,0.0000000000000000)               (10.078705880110611,0.0000000000000000)               (11.272004166240416,0.0000000000000000)               (12.735086628413828,0.0000000000000000)               (14.263183793722554,0.0000000000000000)               (15.563590563854204,0.0000000000000000)               (17.812384578322547,0.0000000000000000)
 END Writting psi
 deallocation
