&BASIS_ND
 NAME="boxAB               ",
 NB_BASIS=0          ,
 NB=4          ,
 NQ=4          ,
 A= -2.5000000000000000     ,
 B=  2.5000000000000000     ,
 SCALEQ=  1.0000000000000000     ,
 Q0=  0.0000000000000000     ,
 /
 BEGINNING Calc_dngg_grid
 -------------------------------------------------
 Write_Basis
 nb,nq           4           4
  x:      -1.8750000000      -0.6250000000       0.6250000000       1.8750000000

  w:       1.2500000000       1.2500000000       1.2500000000       1.2500000000

 d0gb: 1        0.242030254       0.447213595       0.584312721       0.447213595
 d0gb: 2        0.584312721       0.447213595      -0.242030254      -0.447213595
 d0gb: 3        0.584312721      -0.447213595      -0.242030254       0.447213595
 d0gb: 4        0.242030254      -0.447213595       0.584312721      -0.447213595

 d1gb: 1        0.367134511       0.561985178       0.456216280       0.000000000
 d1gb: 2        0.152072093      -0.561985178      -1.101403532      -0.000000000
 d1gb: 3       -0.152072093      -0.561985178       1.101403532       0.000000000
 d1gb: 4       -0.367134511       0.561985178      -0.456216280      -0.000000000

 d1gg: 1

 d2gb: 1       -0.095549714      -0.706211403      -2.076096746      -2.824845613
 d2gb: 2       -0.230677416      -0.706211403       0.859947429       2.824845613
 d2gb: 3       -0.230677416       0.706211403       0.859947429      -2.824845613
 d2gb: 4       -0.095549714       0.706211403      -2.076096746       2.824845613

 d2gg: 1
 -------------------------------------------------
 d0bgw: 1        0.302537817       0.730390902       0.730390902       0.302537817
 d0bgw: 2        0.559016994       0.559016994      -0.559016994      -0.559016994
 d0bgw: 3        0.730390902      -0.302537817      -0.302537817       0.730390902
 d0bgw: 4        0.559016994      -0.559016994       0.559016994      -0.559016994

 d1gg: 1        0.758447559       0.444288294      -0.184030237       0.130129028
 d1gg: 2       -1.072606825       0.130129028       0.758447559      -0.444288294
 d1gg: 3        0.444288294      -0.758447559      -0.130129028       1.072606825
 d1gg: 4       -0.130129028       0.184030237      -0.444288294      -0.758447559

 d2gg: 1       -3.519190456       1.742661664      -0.626043392       0.428651304
 d2gg: 2        1.742661664      -2.402572184       1.545269576      -0.626043392
 d2gg: 3       -0.626043392       1.545269576      -2.402572184       1.742661664
 d2gg: 4        0.428651304      -0.626043392       1.742661664      -3.519190456
 END Calc_dngg_grid
 -------------------------------------------------
 Write_Basis
 nb,nq           4           4
  x:      -1.8750000000      -0.6250000000       0.6250000000       1.8750000000

  w:       1.2500000000       1.2500000000       1.2500000000       1.2500000000

 d0gb: 1        0.242030254       0.447213595       0.584312721       0.447213595
 d0gb: 2        0.584312721       0.447213595      -0.242030254      -0.447213595
 d0gb: 3        0.584312721      -0.447213595      -0.242030254       0.447213595
 d0gb: 4        0.242030254      -0.447213595       0.584312721      -0.447213595

 d1gb: 1        0.367134511       0.561985178       0.456216280       0.000000000
 d1gb: 2        0.152072093      -0.561985178      -1.101403532      -0.000000000
 d1gb: 3       -0.152072093      -0.561985178       1.101403532       0.000000000
 d1gb: 4       -0.367134511       0.561985178      -0.456216280      -0.000000000

 d1gg: 1        0.758447559       0.444288294      -0.184030237       0.130129028
 d1gg: 2       -1.072606825       0.130129028       0.758447559      -0.444288294
 d1gg: 3        0.444288294      -0.758447559      -0.130129028       1.072606825
 d1gg: 4       -0.130129028       0.184030237      -0.444288294      -0.758447559

 d2gb: 1       -0.095549714      -0.706211403      -2.076096746      -2.824845613
 d2gb: 2       -0.230677416      -0.706211403       0.859947429       2.824845613
 d2gb: 3       -0.230677416       0.706211403       0.859947429      -2.824845613
 d2gb: 4       -0.095549714       0.706211403      -2.076096746       2.824845613

 d2gg: 1       -3.519190456       1.742661664      -0.626043392       0.428651304
 d2gg: 2        1.742661664      -2.402572184       1.545269576      -0.626043392
 d2gg: 3       -0.626043392       1.545269576      -2.402572184       1.742661664
 d2gg: 4        0.428651304      -0.626043392       1.742661664      -3.519190456
 -------------------------------------------------
 S: 1        1.000000000      -0.000000000      -0.000000000       0.000000000
 S: 2       -0.000000000       1.000000000       0.000000000       0.000000000
 S: 3       -0.000000000       0.000000000       1.000000000      -0.000000000
 S: 4        0.000000000       0.000000000      -0.000000000       1.000000000
 Sii,Sij   2.2204460492503131E-016   1.1102230246251565E-016

 <d0b|d1b>: 1        0.000000000      -0.480894184      -0.000000000      -0.000000000
 <d0b|d1b>: 2        0.580490630       0.000000000      -0.721341276       0.000000000
 <d0b|d1b>: 3        0.000000000       1.160981261      -0.000000000      -0.000000000
 <d0b|d1b>: 4        0.240447092       0.000000000       1.741471891       0.000000000

 <d0b|d1b>: 1       -0.394784176       0.000000000       0.000000000       0.000000000
 <d0b|d1b>: 2        0.000000000      -1.579136704      -0.000000000      -0.000000000
 <d0b|d1b>: 3        0.000000000      -0.000000000      -3.553057584       0.000000000
 <d0b|d1b>: 4        0.000000000      -0.000000000       0.000000000      -6.316546817
 -------------------------------------------------
 Write_Basis
 nb,nq           4           4
  x:      -1.8750000000      -0.6250000000       0.6250000000       1.8750000000

  w:       1.2500000000       1.2500000000       1.2500000000       1.2500000000

 d0gb: 1        0.242030254       0.447213595       0.584312721       0.447213595
 d0gb: 2        0.584312721       0.447213595      -0.242030254      -0.447213595
 d0gb: 3        0.584312721      -0.447213595      -0.242030254       0.447213595
 d0gb: 4        0.242030254      -0.447213595       0.584312721      -0.447213595

 d1gb: 1        0.367134511       0.561985178       0.456216280       0.000000000
 d1gb: 2        0.152072093      -0.561985178      -1.101403532      -0.000000000
 d1gb: 3       -0.152072093      -0.561985178       1.101403532       0.000000000
 d1gb: 4       -0.367134511       0.561985178      -0.456216280      -0.000000000

 d1gg: 1        0.758447559       0.444288294      -0.184030237       0.130129028
 d1gg: 2       -1.072606825       0.130129028       0.758447559      -0.444288294
 d1gg: 3        0.444288294      -0.758447559      -0.130129028       1.072606825
 d1gg: 4       -0.130129028       0.184030237      -0.444288294      -0.758447559

 d2gb: 1       -0.095549714      -0.706211403      -2.076096746      -2.824845613
 d2gb: 2       -0.230677416      -0.706211403       0.859947429       2.824845613
 d2gb: 3       -0.230677416       0.706211403       0.859947429      -2.824845613
 d2gb: 4       -0.095549714       0.706211403      -2.076096746       2.824845613

 d2gg: 1       -3.519190456       1.742661664      -0.626043392       0.428651304
 d2gg: 2        1.742661664      -2.402572184       1.545269576      -0.626043392
 d2gg: 3       -0.626043392       1.545269576      -2.402572184       1.742661664
 d2gg: 4        0.428651304      -0.626043392       1.742661664      -3.519190456
 -------------------------------------------------
 Initialization of a real psi
  The basis is linked to psi.
 Writing psi (real):
   1.0000000000000000        1.0000000000000000        1.0000000000000000        1.0000000000000000     
 END Writing psi
 Initialization of a complex psi
  The basis is linked to psi.
 Writing psi (complex):
               (1.0000000000000000,0.0000000000000000)               (1.0000000000000000,0.0000000000000000)               (1.0000000000000000,0.0000000000000000)               (1.0000000000000000,0.0000000000000000)
 END Writting psi
  | H | Psi > calculation
 BEGINNING Set_Op
 BEGINNING BasisTOGrid_Basis
 intent(in) :: B(:)   1.0000000000000000        1.0000000000000000        1.0000000000000000        1.0000000000000000     
 intent(OUTIN) :: G(:)   1.7207701660863015       0.34228246745251362       0.34228246745251312       -6.8084215913530366E-002
 END BasisTOGrid_Basis
 BEGINNING OpPsi_grid
