&BASIS_ND
 NAME="herm                ",
 NB_BASIS=0          ,
 NB=30         ,
 NQ=128        ,
 A=  0.0000000000000000     ,
 B=  0.0000000000000000     ,
 SCALEQ=  1.0000000000000000     ,
 Q0=  0.0000000000000000     ,
 /
 S: 1        1.000000000      -0.000000000      -0.000000000      -0.000000000      -0.000000000
 S: 2       -0.000000000       1.000000000      -0.000000000      -0.000000000       0.000000000
 S: 3       -0.000000000      -0.000000000       1.000000000       0.000000000      -0.000000000
 S: 4        0.000000000      -0.000000000       0.000000000       1.000000000      -0.000000000
 S: 5       -0.000000000      -0.000000000      -0.000000000      -0.000000000       1.000000000
 S: 6       -0.000000000      -0.000000000       0.000000000      -0.000000000       0.000000000
 S: 7       -0.000000000       0.000000000      -0.000000000       0.000000000      -0.000000000
 S: 8        0.000000000      -0.000000000       0.000000000      -0.000000000      -0.000000000
 S: 9        0.000000000       0.000000000       0.000000000       0.000000000      -0.000000000
 S: 10       -0.000000000       0.000000000       0.000000000       0.000000000       0.000000000
 S: 11        0.000000000       0.000000000       0.000000000       0.000000000       0.000000000
 S: 12       -0.000000000       0.000000000      -0.000000000       0.000000000      -0.000000000
 S: 13       -0.000000000      -0.000000000      -0.000000000       0.000000000       0.000000000
 S: 14        0.000000000      -0.000000000       0.000000000      -0.000000000      -0.000000000
 S: 15       -0.000000000       0.000000000      -0.000000000       0.000000000      -0.000000000
 S: 16        0.000000000      -0.000000000       0.000000000      -0.000000000       0.000000000
 S: 17        0.000000000      -0.000000000       0.000000000       0.000000000       0.000000000
 S: 18       -0.000000000       0.000000000      -0.000000000       0.000000000       0.000000000
 S: 19        0.000000000      -0.000000000       0.000000000      -0.000000000       0.000000000
 S: 20       -0.000000000      -0.000000000      -0.000000000      -0.000000000       0.000000000
 S: 21       -0.000000000      -0.000000000      -0.000000000      -0.000000000      -0.000000000
 S: 22       -0.000000000      -0.000000000      -0.000000000      -0.000000000       0.000000000
 S: 23        0.000000000      -0.000000000       0.000000000       0.000000000       0.000000000
 S: 24       -0.000000000       0.000000000       0.000000000       0.000000000      -0.000000000
 S: 25        0.000000000      -0.000000000       0.000000000       0.000000000       0.000000000
 S: 26       -0.000000000      -0.000000000      -0.000000000      -0.000000000      -0.000000000
 S: 27       -0.000000000      -0.000000000      -0.000000000       0.000000000      -0.000000000
 S: 28        0.000000000      -0.000000000       0.000000000      -0.000000000      -0.000000000
 S: 29        0.000000000      -0.000000000       0.000000000      -0.000000000       0.000000000
 S: 30       -0.000000000       0.000000000       0.000000000       0.000000000      -0.000000000

 S: 1        0.000000000      -0.000000000       0.000000000       0.000000000       0.000000000
 S: 2       -0.000000000       0.000000000      -0.000000000      -0.000000000       0.000000000
 S: 3        0.000000000      -0.000000000       0.000000000       0.000000000      -0.000000000
 S: 4       -0.000000000      -0.000000000      -0.000000000       0.000000000       0.000000000
 S: 5        0.000000000      -0.000000000      -0.000000000      -0.000000000      -0.000000000
 S: 6        1.000000000      -0.000000000      -0.000000000       0.000000000       0.000000000
 S: 7       -0.000000000       1.000000000       0.000000000      -0.000000000       0.000000000
 S: 8       -0.000000000       0.000000000       1.000000000      -0.000000000       0.000000000
 S: 9        0.000000000      -0.000000000      -0.000000000       1.000000000       0.000000000
 S: 10        0.000000000      -0.000000000       0.000000000      -0.000000000       1.000000000
 S: 11       -0.000000000       0.000000000      -0.000000000       0.000000000       0.000000000
 S: 12        0.000000000       0.000000000       0.000000000       0.000000000       0.000000000
 S: 13       -0.000000000       0.000000000       0.000000000       0.000000000      -0.000000000
 S: 14       -0.000000000       0.000000000      -0.000000000      -0.000000000       0.000000000
 S: 15       -0.000000000      -0.000000000       0.000000000      -0.000000000      -0.000000000
 S: 16       -0.000000000       0.000000000      -0.000000000       0.000000000      -0.000000000
 S: 17       -0.000000000       0.000000000       0.000000000      -0.000000000       0.000000000
 S: 18        0.000000000       0.000000000       0.000000000       0.000000000      -0.000000000
 S: 19        0.000000000       0.000000000      -0.000000000       0.000000000       0.000000000
 S: 20       -0.000000000      -0.000000000       0.000000000       0.000000000       0.000000000
 S: 21       -0.000000000      -0.000000000       0.000000000      -0.000000000      -0.000000000
 S: 22       -0.000000000       0.000000000      -0.000000000      -0.000000000      -0.000000000
 S: 23       -0.000000000       0.000000000       0.000000000      -0.000000000       0.000000000
 S: 24        0.000000000      -0.000000000       0.000000000       0.000000000       0.000000000
 S: 25        0.000000000       0.000000000      -0.000000000       0.000000000      -0.000000000
 S: 26       -0.000000000      -0.000000000      -0.000000000      -0.000000000       0.000000000
 S: 27        0.000000000      -0.000000000       0.000000000      -0.000000000      -0.000000000
 S: 28       -0.000000000      -0.000000000      -0.000000000       0.000000000      -0.000000000
 S: 29        0.000000000       0.000000000      -0.000000000       0.000000000       0.000000000
 S: 30        0.000000000      -0.000000000       0.000000000       0.000000000       0.000000000

 S: 1        0.000000000      -0.000000000      -0.000000000       0.000000000      -0.000000000
 S: 2       -0.000000000       0.000000000       0.000000000      -0.000000000       0.000000000
 S: 3        0.000000000       0.000000000      -0.000000000       0.000000000      -0.000000000
 S: 4        0.000000000       0.000000000      -0.000000000      -0.000000000      -0.000000000
 S: 5        0.000000000      -0.000000000       0.000000000       0.000000000      -0.000000000
 S: 6        0.000000000       0.000000000      -0.000000000      -0.000000000       0.000000000
 S: 7        0.000000000       0.000000000       0.000000000       0.000000000      -0.000000000
 S: 8       -0.000000000       0.000000000      -0.000000000      -0.000000000       0.000000000
 S: 9        0.000000000       0.000000000       0.000000000      -0.000000000      -0.000000000
 S: 10        0.000000000       0.000000000      -0.000000000       0.000000000      -0.000000000
 S: 11        1.000000000      -0.000000000      -0.000000000       0.000000000       0.000000000
 S: 12        0.000000000       1.000000000       0.000000000       0.000000000      -0.000000000
 S: 13       -0.000000000       0.000000000       1.000000000       0.000000000       0.000000000
 S: 14       -0.000000000       0.000000000       0.000000000       1.000000000      -0.000000000
 S: 15        0.000000000      -0.000000000       0.000000000       0.000000000       1.000000000
 S: 16        0.000000000       0.000000000      -0.000000000       0.000000000      -0.000000000
 S: 17       -0.000000000       0.000000000       0.000000000      -0.000000000       0.000000000
 S: 18        0.000000000      -0.000000000      -0.000000000       0.000000000       0.000000000
 S: 19       -0.000000000      -0.000000000      -0.000000000      -0.000000000       0.000000000
 S: 20        0.000000000      -0.000000000      -0.000000000      -0.000000000       0.000000000
 S: 21        0.000000000       0.000000000       0.000000000      -0.000000000      -0.000000000
 S: 22        0.000000000       0.000000000       0.000000000       0.000000000       0.000000000
 S: 23       -0.000000000       0.000000000       0.000000000      -0.000000000       0.000000000
 S: 24        0.000000000      -0.000000000       0.000000000       0.000000000      -0.000000000
 S: 25       -0.000000000       0.000000000      -0.000000000       0.000000000       0.000000000
 S: 26        0.000000000       0.000000000      -0.000000000      -0.000000000       0.000000000
 S: 27        0.000000000      -0.000000000       0.000000000      -0.000000000      -0.000000000
 S: 28        0.000000000       0.000000000       0.000000000       0.000000000      -0.000000000
 S: 29       -0.000000000      -0.000000000       0.000000000       0.000000000       0.000000000
 S: 30        0.000000000      -0.000000000       0.000000000      -0.000000000       0.000000000

 S: 1       -0.000000000       0.000000000      -0.000000000       0.000000000       0.000000000
 S: 2       -0.000000000      -0.000000000       0.000000000      -0.000000000      -0.000000000
 S: 3        0.000000000       0.000000000       0.000000000       0.000000000      -0.000000000
 S: 4       -0.000000000       0.000000000       0.000000000       0.000000000      -0.000000000
 S: 5       -0.000000000       0.000000000      -0.000000000       0.000000000       0.000000000
 S: 6       -0.000000000      -0.000000000       0.000000000      -0.000000000      -0.000000000
 S: 7        0.000000000       0.000000000       0.000000000       0.000000000      -0.000000000
 S: 8       -0.000000000      -0.000000000       0.000000000      -0.000000000       0.000000000
 S: 9        0.000000000      -0.000000000      -0.000000000       0.000000000      -0.000000000
 S: 10       -0.000000000      -0.000000000      -0.000000000      -0.000000000       0.000000000
 S: 11        0.000000000      -0.000000000      -0.000000000      -0.000000000      -0.000000000
 S: 12        0.000000000       0.000000000      -0.000000000      -0.000000000      -0.000000000
 S: 13       -0.000000000       0.000000000       0.000000000      -0.000000000       0.000000000
 S: 14        0.000000000       0.000000000       0.000000000      -0.000000000      -0.000000000
 S: 15       -0.000000000       0.000000000       0.000000000       0.000000000       0.000000000
 S: 16        1.000000000       0.000000000       0.000000000       0.000000000       0.000000000
 S: 17        0.000000000       1.000000000      -0.000000000       0.000000000      -0.000000000
 S: 18        0.000000000      -0.000000000       1.000000000       0.000000000       0.000000000
 S: 19       -0.000000000       0.000000000      -0.000000000       1.000000000      -0.000000000
 S: 20        0.000000000      -0.000000000       0.000000000       0.000000000       1.000000000
 S: 21        0.000000000       0.000000000       0.000000000       0.000000000      -0.000000000
 S: 22       -0.000000000       0.000000000       0.000000000      -0.000000000       0.000000000
 S: 23       -0.000000000      -0.000000000       0.000000000       0.000000000      -0.000000000
 S: 24        0.000000000      -0.000000000      -0.000000000       0.000000000       0.000000000
 S: 25        0.000000000       0.000000000       0.000000000      -0.000000000      -0.000000000
 S: 26        0.000000000       0.000000000       0.000000000      -0.000000000      -0.000000000
 S: 27       -0.000000000      -0.000000000       0.000000000       0.000000000       0.000000000
 S: 28       -0.000000000      -0.000000000       0.000000000       0.000000000       0.000000000
 S: 29       -0.000000000      -0.000000000       0.000000000      -0.000000000       0.000000000
 S: 30        0.000000000       0.000000000      -0.000000000       0.000000000      -0.000000000

 S: 1       -0.000000000      -0.000000000       0.000000000       0.000000000       0.000000000
 S: 2       -0.000000000      -0.000000000      -0.000000000       0.000000000       0.000000000
 S: 3       -0.000000000      -0.000000000       0.000000000       0.000000000       0.000000000
 S: 4       -0.000000000      -0.000000000       0.000000000       0.000000000       0.000000000
 S: 5       -0.000000000       0.000000000       0.000000000      -0.000000000       0.000000000
 S: 6        0.000000000      -0.000000000      -0.000000000       0.000000000      -0.000000000
 S: 7       -0.000000000       0.000000000       0.000000000       0.000000000       0.000000000
 S: 8        0.000000000      -0.000000000       0.000000000       0.000000000       0.000000000
 S: 9       -0.000000000      -0.000000000      -0.000000000       0.000000000       0.000000000
 S: 10       -0.000000000      -0.000000000      -0.000000000       0.000000000       0.000000000
 S: 11        0.000000000      -0.000000000      -0.000000000      -0.000000000      -0.000000000
 S: 12        0.000000000       0.000000000      -0.000000000      -0.000000000      -0.000000000
 S: 13        0.000000000      -0.000000000       0.000000000       0.000000000      -0.000000000
 S: 14        0.000000000       0.000000000      -0.000000000       0.000000000      -0.000000000
 S: 15       -0.000000000       0.000000000       0.000000000      -0.000000000       0.000000000
 S: 16        0.000000000      -0.000000000       0.000000000       0.000000000       0.000000000
 S: 17        0.000000000      -0.000000000      -0.000000000      -0.000000000       0.000000000
 S: 18        0.000000000       0.000000000      -0.000000000      -0.000000000      -0.000000000
 S: 19        0.000000000      -0.000000000       0.000000000       0.000000000      -0.000000000
 S: 20        0.000000000       0.000000000       0.000000000       0.000000000      -0.000000000
 S: 21        1.000000000       0.000000000       0.000000000      -0.000000000       0.000000000
 S: 22        0.000000000       1.000000000      -0.000000000       0.000000000       0.000000000
 S: 23        0.000000000      -0.000000000       1.000000000       0.000000000       0.000000000
 S: 24       -0.000000000       0.000000000       0.000000000       1.000000000      -0.000000000
 S: 25        0.000000000       0.000000000       0.000000000      -0.000000000       1.000000000
 S: 26       -0.000000000       0.000000000       0.000000000       0.000000000       0.000000000
 S: 27       -0.000000000       0.000000000      -0.000000000       0.000000000       0.000000000
 S: 28        0.000000000      -0.000000000       0.000000000       0.000000000       0.000000000
 S: 29        0.000000000      -0.000000000      -0.000000000      -0.000000000       0.000000000
 S: 30        0.000000000       0.000000000      -0.000000000      -0.000000000       0.000000000

 S: 1       -0.000000000      -0.000000000       0.000000000       0.000000000       0.000000000
 S: 2       -0.000000000       0.000000000      -0.000000000       0.000000000       0.000000000
 S: 3       -0.000000000      -0.000000000       0.000000000       0.000000000       0.000000000
 S: 4       -0.000000000       0.000000000      -0.000000000      -0.000000000       0.000000000
 S: 5       -0.000000000      -0.000000000      -0.000000000       0.000000000       0.000000000
 S: 6       -0.000000000      -0.000000000      -0.000000000      -0.000000000       0.000000000
 S: 7        0.000000000      -0.000000000      -0.000000000       0.000000000       0.000000000
 S: 8       -0.000000000      -0.000000000      -0.000000000       0.000000000       0.000000000
 S: 9        0.000000000      -0.000000000       0.000000000       0.000000000      -0.000000000
 S: 10        0.000000000       0.000000000      -0.000000000       0.000000000       0.000000000
 S: 11       -0.000000000       0.000000000      -0.000000000      -0.000000000       0.000000000
 S: 12        0.000000000      -0.000000000       0.000000000       0.000000000      -0.000000000
 S: 13       -0.000000000       0.000000000       0.000000000       0.000000000       0.000000000
 S: 14       -0.000000000       0.000000000       0.000000000       0.000000000      -0.000000000
 S: 15       -0.000000000      -0.000000000       0.000000000       0.000000000       0.000000000
 S: 16        0.000000000       0.000000000      -0.000000000       0.000000000       0.000000000
 S: 17       -0.000000000      -0.000000000       0.000000000      -0.000000000       0.000000000
 S: 18        0.000000000       0.000000000       0.000000000       0.000000000      -0.000000000
 S: 19        0.000000000       0.000000000       0.000000000      -0.000000000      -0.000000000
 S: 20       -0.000000000      -0.000000000       0.000000000       0.000000000      -0.000000000
 S: 21        0.000000000      -0.000000000       0.000000000       0.000000000       0.000000000
 S: 22        0.000000000       0.000000000      -0.000000000       0.000000000       0.000000000
 S: 23       -0.000000000      -0.000000000       0.000000000      -0.000000000       0.000000000
 S: 24        0.000000000       0.000000000       0.000000000      -0.000000000      -0.000000000
 S: 25        0.000000000       0.000000000      -0.000000000       0.000000000       0.000000000
 S: 26        1.000000000       0.000000000       0.000000000       0.000000000      -0.000000000
 S: 27        0.000000000       1.000000000       0.000000000       0.000000000      -0.000000000
 S: 28        0.000000000       0.000000000       1.000000000      -0.000000000       0.000000000
 S: 29       -0.000000000       0.000000000       0.000000000       1.000000000      -0.000000000
 S: 30       -0.000000000       0.000000000       0.000000000      -0.000000000       1.000000000
 Sii,Sij   1.4089618360912937E-011   6.6310125357562652E-012

 <d0b|d1b>: 1        0.000000000       0.707106781      -0.000000000       0.000000000      -0.000000000
 <d0b|d1b>: 2       -0.707106781       0.000000000       1.000000000      -0.000000000       0.000000000
 <d0b|d1b>: 3       -0.000000000      -1.000000000      -0.000000000       1.224744871       0.000000000
 <d0b|d1b>: 4        0.000000000       0.000000000      -1.224744871       0.000000000       1.414213562
 <d0b|d1b>: 5       -0.000000000       0.000000000       0.000000000      -1.414213562      -0.000000000
 <d0b|d1b>: 6        0.000000000      -0.000000000       0.000000000      -0.000000000      -1.581138830
 <d0b|d1b>: 7        0.000000000       0.000000000      -0.000000000       0.000000000      -0.000000000
 <d0b|d1b>: 8        0.000000000      -0.000000000       0.000000000       0.000000000       0.000000000
 <d0b|d1b>: 9       -0.000000000      -0.000000000      -0.000000000       0.000000000       0.000000000
 <d0b|d1b>: 10       -0.000000000       0.000000000      -0.000000000      -0.000000000      -0.000000000
 <d0b|d1b>: 11        0.000000000      -0.000000000       0.000000000      -0.000000000      -0.000000000
 <d0b|d1b>: 12       -0.000000000       0.000000000      -0.000000000       0.000000000      -0.000000000
 <d0b|d1b>: 13        0.000000000       0.000000000      -0.000000000      -0.000000000      -0.000000000
 <d0b|d1b>: 14        0.000000000      -0.000000000       0.000000000       0.000000000       0.000000000
 <d0b|d1b>: 15       -0.000000000       0.000000000       0.000000000       0.000000000      -0.000000000
 <d0b|d1b>: 16        0.000000000      -0.000000000       0.000000000       0.000000000       0.000000000
 <d0b|d1b>: 17       -0.000000000      -0.000000000      -0.000000000      -0.000000000      -0.000000000
 <d0b|d1b>: 18       -0.000000000      -0.000000000      -0.000000000      -0.000000000      -0.000000000
 <d0b|d1b>: 19       -0.000000000      -0.000000000      -0.000000000      -0.000000000       0.000000000
 <d0b|d1b>: 20        0.000000000       0.000000000       0.000000000       0.000000000       0.000000000
 <d0b|d1b>: 21       -0.000000000       0.000000000      -0.000000000       0.000000000       0.000000000
 <d0b|d1b>: 22        0.000000000      -0.000000000       0.000000000      -0.000000000       0.000000000
 <d0b|d1b>: 23        0.000000000      -0.000000000       0.000000000      -0.000000000       0.000000000
 <d0b|d1b>: 24       -0.000000000      -0.000000000      -0.000000000       0.000000000      -0.000000000
 <d0b|d1b>: 25       -0.000000000      -0.000000000      -0.000000000      -0.000000000       0.000000000
 <d0b|d1b>: 26        0.000000000       0.000000000       0.000000000      -0.000000000       0.000000000
 <d0b|d1b>: 27        0.000000000       0.000000000       0.000000000       0.000000000      -0.000000000
 <d0b|d1b>: 28        0.000000000       0.000000000       0.000000000      -0.000000000       0.000000000
 <d0b|d1b>: 29        0.000000000      -0.000000000      -0.000000000      -0.000000000       0.000000000
 <d0b|d1b>: 30       -0.000000000       0.000000000      -0.000000000       0.000000000      -0.000000000

 <d0b|d1b>: 1       -0.000000000       0.000000000      -0.000000000       0.000000000      -0.000000000
 <d0b|d1b>: 2        0.000000000      -0.000000000       0.000000000      -0.000000000       0.000000000
 <d0b|d1b>: 3       -0.000000000      -0.000000000      -0.000000000      -0.000000000      -0.000000000
 <d0b|d1b>: 4       -0.000000000      -0.000000000       0.000000000      -0.000000000      -0.000000000
 <d0b|d1b>: 5        1.581138830       0.000000000      -0.000000000       0.000000000      -0.000000000
 <d0b|d1b>: 6        0.000000000       1.732050808      -0.000000000      -0.000000000      -0.000000000
 <d0b|d1b>: 7       -1.732050808       0.000000000       1.870828693      -0.000000000      -0.000000000
 <d0b|d1b>: 8        0.000000000      -1.870828693      -0.000000000       2.000000000      -0.000000000
 <d0b|d1b>: 9        0.000000000       0.000000000      -2.000000000      -0.000000000       2.121320344
 <d0b|d1b>: 10        0.000000000       0.000000000      -0.000000000      -2.121320344      -0.000000000
 <d0b|d1b>: 11       -0.000000000      -0.000000000       0.000000000       0.000000000      -2.236067977
 <d0b|d1b>: 12       -0.000000000      -0.000000000      -0.000000000       0.000000000       0.000000000
 <d0b|d1b>: 13       -0.000000000       0.000000000      -0.000000000       0.000000000       0.000000000
 <d0b|d1b>: 14        0.000000000      -0.000000000      -0.000000000      -0.000000000       0.000000000
 <d0b|d1b>: 15        0.000000000       0.000000000      -0.000000000       0.000000000      -0.000000000
 <d0b|d1b>: 16       -0.000000000       0.000000000      -0.000000000      -0.000000000      -0.000000000
 <d0b|d1b>: 17       -0.000000000      -0.000000000       0.000000000      -0.000000000       0.000000000
 <d0b|d1b>: 18       -0.000000000      -0.000000000       0.000000000       0.000000000       0.000000000
 <d0b|d1b>: 19       -0.000000000       0.000000000      -0.000000000       0.000000000       0.000000000
 <d0b|d1b>: 20        0.000000000      -0.000000000      -0.000000000      -0.000000000      -0.000000000
 <d0b|d1b>: 21        0.000000000       0.000000000      -0.000000000      -0.000000000      -0.000000000
 <d0b|d1b>: 22       -0.000000000       0.000000000       0.000000000      -0.000000000       0.000000000
 <d0b|d1b>: 23       -0.000000000      -0.000000000       0.000000000      -0.000000000       0.000000000
 <d0b|d1b>: 24       -0.000000000      -0.000000000       0.000000000       0.000000000      -0.000000000
 <d0b|d1b>: 25       -0.000000000       0.000000000      -0.000000000       0.000000000       0.000000000
 <d0b|d1b>: 26        0.000000000      -0.000000000      -0.000000000      -0.000000000      -0.000000000
 <d0b|d1b>: 27        0.000000000      -0.000000000      -0.000000000       0.000000000      -0.000000000
 <d0b|d1b>: 28        0.000000000       0.000000000      -0.000000000      -0.000000000      -0.000000000
 <d0b|d1b>: 29       -0.000000000      -0.000000000       0.000000000       0.000000000       0.000000000
 <d0b|d1b>: 30       -0.000000000      -0.000000000      -0.000000000       0.000000000      -0.000000000

 <d0b|d1b>: 1       -0.000000000       0.000000000      -0.000000000       0.000000000       0.000000000
 <d0b|d1b>: 2        0.000000000      -0.000000000       0.000000000       0.000000000      -0.000000000
 <d0b|d1b>: 3        0.000000000       0.000000000       0.000000000       0.000000000       0.000000000
 <d0b|d1b>: 4        0.000000000       0.000000000       0.000000000      -0.000000000      -0.000000000
 <d0b|d1b>: 5        0.000000000       0.000000000       0.000000000       0.000000000      -0.000000000
 <d0b|d1b>: 6       -0.000000000       0.000000000       0.000000000       0.000000000      -0.000000000
 <d0b|d1b>: 7        0.000000000       0.000000000      -0.000000000       0.000000000      -0.000000000
 <d0b|d1b>: 8       -0.000000000      -0.000000000       0.000000000       0.000000000       0.000000000
 <d0b|d1b>: 9       -0.000000000      -0.000000000       0.000000000       0.000000000       0.000000000
 <d0b|d1b>: 10        2.236067977       0.000000000      -0.000000000      -0.000000000       0.000000000
 <d0b|d1b>: 11       -0.000000000       2.345207880       0.000000000      -0.000000000       0.000000000
 <d0b|d1b>: 12       -2.345207880      -0.000000000       2.449489743       0.000000000      -0.000000000
 <d0b|d1b>: 13       -0.000000000      -2.449489743       0.000000000       2.549509757       0.000000000
 <d0b|d1b>: 14        0.000000000       0.000000000      -2.549509757       0.000000000       2.645751311
 <d0b|d1b>: 15       -0.000000000       0.000000000       0.000000000      -2.645751311       0.000000000
 <d0b|d1b>: 16       -0.000000000       0.000000000       0.000000000      -0.000000000      -2.738612788
 <d0b|d1b>: 17        0.000000000      -0.000000000      -0.000000000       0.000000000       0.000000000
 <d0b|d1b>: 18        0.000000000      -0.000000000      -0.000000000      -0.000000000      -0.000000000
 <d0b|d1b>: 19        0.000000000       0.000000000       0.000000000      -0.000000000       0.000000000
 <d0b|d1b>: 20        0.000000000      -0.000000000       0.000000000       0.000000000      -0.000000000
 <d0b|d1b>: 21        0.000000000       0.000000000      -0.000000000       0.000000000       0.000000000
 <d0b|d1b>: 22       -0.000000000      -0.000000000       0.000000000      -0.000000000       0.000000000
 <d0b|d1b>: 23        0.000000000      -0.000000000      -0.000000000       0.000000000      -0.000000000
 <d0b|d1b>: 24        0.000000000       0.000000000      -0.000000000       0.000000000      -0.000000000
 <d0b|d1b>: 25        0.000000000       0.000000000       0.000000000      -0.000000000       0.000000000
 <d0b|d1b>: 26        0.000000000       0.000000000       0.000000000      -0.000000000      -0.000000000
 <d0b|d1b>: 27       -0.000000000      -0.000000000      -0.000000000       0.000000000       0.000000000
 <d0b|d1b>: 28       -0.000000000       0.000000000       0.000000000      -0.000000000       0.000000000
 <d0b|d1b>: 29       -0.000000000      -0.000000000      -0.000000000      -0.000000000      -0.000000000
 <d0b|d1b>: 30        0.000000000       0.000000000      -0.000000000      -0.000000000      -0.000000000

 <d0b|d1b>: 1       -0.000000000       0.000000000       0.000000000      -0.000000000       0.000000000
 <d0b|d1b>: 2        0.000000000      -0.000000000      -0.000000000       0.000000000       0.000000000
 <d0b|d1b>: 3       -0.000000000      -0.000000000       0.000000000      -0.000000000       0.000000000
 <d0b|d1b>: 4       -0.000000000      -0.000000000       0.000000000       0.000000000       0.000000000
 <d0b|d1b>: 5       -0.000000000      -0.000000000      -0.000000000       0.000000000       0.000000000
 <d0b|d1b>: 6        0.000000000      -0.000000000       0.000000000       0.000000000      -0.000000000
 <d0b|d1b>: 7       -0.000000000       0.000000000      -0.000000000      -0.000000000       0.000000000
 <d0b|d1b>: 8        0.000000000      -0.000000000      -0.000000000       0.000000000       0.000000000
 <d0b|d1b>: 9       -0.000000000       0.000000000      -0.000000000      -0.000000000       0.000000000
 <d0b|d1b>: 10       -0.000000000      -0.000000000      -0.000000000      -0.000000000      -0.000000000
 <d0b|d1b>: 11        0.000000000       0.000000000       0.000000000      -0.000000000      -0.000000000
 <d0b|d1b>: 12       -0.000000000       0.000000000      -0.000000000      -0.000000000       0.000000000
 <d0b|d1b>: 13        0.000000000      -0.000000000       0.000000000       0.000000000      -0.000000000
 <d0b|d1b>: 14        0.000000000      -0.000000000       0.000000000       0.000000000      -0.000000000
 <d0b|d1b>: 15        2.738612788      -0.000000000      -0.000000000       0.000000000       0.000000000
 <d0b|d1b>: 16        0.000000000       2.828427125       0.000000000       0.000000000      -0.000000000
 <d0b|d1b>: 17       -2.828427125      -0.000000000       2.915475947       0.000000000       0.000000000
 <d0b|d1b>: 18       -0.000000000      -2.915475947      -0.000000000       3.000000000      -0.000000000
 <d0b|d1b>: 19        0.000000000      -0.000000000      -3.000000000       0.000000000       3.082207001
 <d0b|d1b>: 20        0.000000000       0.000000000       0.000000000      -3.082207001       0.000000000
 <d0b|d1b>: 21       -0.000000000       0.000000000      -0.000000000       0.000000000      -3.162277660
 <d0b|d1b>: 22        0.000000000      -0.000000000       0.000000000       0.000000000      -0.000000000
 <d0b|d1b>: 23        0.000000000      -0.000000000      -0.000000000       0.000000000       0.000000000
 <d0b|d1b>: 24       -0.000000000       0.000000000       0.000000000      -0.000000000      -0.000000000
 <d0b|d1b>: 25        0.000000000       0.000000000       0.000000000       0.000000000      -0.000000000
 <d0b|d1b>: 26       -0.000000000      -0.000000000      -0.000000000       0.000000000      -0.000000000
 <d0b|d1b>: 27       -0.000000000      -0.000000000      -0.000000000       0.000000000       0.000000000
 <d0b|d1b>: 28       -0.000000000      -0.000000000      -0.000000000      -0.000000000       0.000000000
 <d0b|d1b>: 29        0.000000000       0.000000000      -0.000000000       0.000000000      -0.000000000
 <d0b|d1b>: 30       -0.000000000       0.000000000       0.000000000      -0.000000000      -0.000000000

 <d0b|d1b>: 1        0.000000000      -0.000000000       0.000000000       0.000000000       0.000000000
 <d0b|d1b>: 2       -0.000000000      -0.000000000      -0.000000000      -0.000000000       0.000000000
 <d0b|d1b>: 3        0.000000000      -0.000000000      -0.000000000      -0.000000000      -0.000000000
 <d0b|d1b>: 4        0.000000000       0.000000000      -0.000000000      -0.000000000       0.000000000
 <d0b|d1b>: 5        0.000000000      -0.000000000       0.000000000      -0.000000000       0.000000000
 <d0b|d1b>: 6        0.000000000       0.000000000      -0.000000000      -0.000000000       0.000000000
 <d0b|d1b>: 7       -0.000000000      -0.000000000      -0.000000000      -0.000000000       0.000000000
 <d0b|d1b>: 8        0.000000000      -0.000000000      -0.000000000       0.000000000       0.000000000
 <d0b|d1b>: 9        0.000000000      -0.000000000      -0.000000000      -0.000000000       0.000000000
 <d0b|d1b>: 10        0.000000000       0.000000000      -0.000000000       0.000000000      -0.000000000
 <d0b|d1b>: 11       -0.000000000       0.000000000       0.000000000      -0.000000000      -0.000000000
 <d0b|d1b>: 12       -0.000000000       0.000000000       0.000000000       0.000000000      -0.000000000
 <d0b|d1b>: 13       -0.000000000       0.000000000       0.000000000       0.000000000      -0.000000000
 <d0b|d1b>: 14       -0.000000000       0.000000000      -0.000000000      -0.000000000       0.000000000
 <d0b|d1b>: 15        0.000000000      -0.000000000      -0.000000000      -0.000000000       0.000000000
 <d0b|d1b>: 16        0.000000000      -0.000000000      -0.000000000       0.000000000       0.000000000
 <d0b|d1b>: 17        0.000000000       0.000000000      -0.000000000      -0.000000000       0.000000000
 <d0b|d1b>: 18       -0.000000000      -0.000000000       0.000000000      -0.000000000      -0.000000000
 <d0b|d1b>: 19        0.000000000       0.000000000       0.000000000       0.000000000      -0.000000000
 <d0b|d1b>: 20        3.162277660      -0.000000000       0.000000000      -0.000000000       0.000000000
 <d0b|d1b>: 21       -0.000000000       3.240370349      -0.000000000      -0.000000000      -0.000000000
 <d0b|d1b>: 22       -3.240370349      -0.000000000       3.316624790       0.000000000       0.000000000
 <d0b|d1b>: 23       -0.000000000      -3.316624790      -0.000000000       3.391164992       0.000000000
 <d0b|d1b>: 24       -0.000000000       0.000000000      -3.391164992      -0.000000000       3.464101615
 <d0b|d1b>: 25       -0.000000000      -0.000000000       0.000000000      -3.464101615      -0.000000000
 <d0b|d1b>: 26       -0.000000000      -0.000000000      -0.000000000       0.000000000      -3.535533906
 <d0b|d1b>: 27       -0.000000000      -0.000000000       0.000000000      -0.000000000      -0.000000000
 <d0b|d1b>: 28        0.000000000       0.000000000      -0.000000000      -0.000000000      -0.000000000
 <d0b|d1b>: 29        0.000000000       0.000000000      -0.000000000      -0.000000000      -0.000000000
 <d0b|d1b>: 30       -0.000000000      -0.000000000       0.000000000      -0.000000000      -0.000000000

 <d0b|d1b>: 1        0.000000000      -0.000000000      -0.000000000      -0.000000000       0.000000000
 <d0b|d1b>: 2       -0.000000000      -0.000000000      -0.000000000      -0.000000000      -0.000000000
 <d0b|d1b>: 3        0.000000000       0.000000000      -0.000000000       0.000000000       0.000000000
 <d0b|d1b>: 4       -0.000000000       0.000000000       0.000000000      -0.000000000      -0.000000000
 <d0b|d1b>: 5        0.000000000      -0.000000000      -0.000000000      -0.000000000       0.000000000
 <d0b|d1b>: 6       -0.000000000       0.000000000      -0.000000000      -0.000000000      -0.000000000
 <d0b|d1b>: 7        0.000000000      -0.000000000      -0.000000000       0.000000000      -0.000000000
 <d0b|d1b>: 8       -0.000000000       0.000000000       0.000000000      -0.000000000      -0.000000000
 <d0b|d1b>: 9        0.000000000      -0.000000000      -0.000000000       0.000000000      -0.000000000
 <d0b|d1b>: 10        0.000000000       0.000000000      -0.000000000      -0.000000000      -0.000000000
 <d0b|d1b>: 11       -0.000000000      -0.000000000       0.000000000      -0.000000000      -0.000000000
 <d0b|d1b>: 12        0.000000000      -0.000000000      -0.000000000       0.000000000       0.000000000
 <d0b|d1b>: 13       -0.000000000      -0.000000000       0.000000000      -0.000000000       0.000000000
 <d0b|d1b>: 14       -0.000000000      -0.000000000      -0.000000000       0.000000000       0.000000000
 <d0b|d1b>: 15        0.000000000       0.000000000      -0.000000000       0.000000000       0.000000000
 <d0b|d1b>: 16        0.000000000       0.000000000      -0.000000000      -0.000000000      -0.000000000
 <d0b|d1b>: 17        0.000000000       0.000000000       0.000000000       0.000000000      -0.000000000
 <d0b|d1b>: 18       -0.000000000       0.000000000       0.000000000       0.000000000      -0.000000000
 <d0b|d1b>: 19       -0.000000000       0.000000000       0.000000000      -0.000000000       0.000000000
 <d0b|d1b>: 20        0.000000000      -0.000000000      -0.000000000       0.000000000       0.000000000
 <d0b|d1b>: 21        0.000000000       0.000000000      -0.000000000       0.000000000       0.000000000
 <d0b|d1b>: 22       -0.000000000       0.000000000      -0.000000000      -0.000000000      -0.000000000
 <d0b|d1b>: 23        0.000000000      -0.000000000       0.000000000       0.000000000      -0.000000000
 <d0b|d1b>: 24       -0.000000000      -0.000000000      -0.000000000       0.000000000       0.000000000
 <d0b|d1b>: 25        3.535533906       0.000000000       0.000000000       0.000000000       0.000000000
 <d0b|d1b>: 26        0.000000000       3.605551275      -0.000000000       0.000000000      -0.000000000
 <d0b|d1b>: 27       -3.605551275       0.000000000       3.674234614      -0.000000000       0.000000000
 <d0b|d1b>: 28       -0.000000000      -3.674234614       0.000000000       3.741657387      -0.000000000
 <d0b|d1b>: 29       -0.000000000      -0.000000000      -3.741657387      -0.000000000       3.807886553
 <d0b|d1b>: 30        0.000000000      -0.000000000       0.000000000      -3.807886553       0.000000000

 <d0b|d1b>: 1       -0.500000000       0.000000000       0.707106781      -0.000000000       0.000000000
 <d0b|d1b>: 2        0.000000000      -1.500000000      -0.000000000       1.224744871      -0.000000000
 <d0b|d1b>: 3        0.707106781      -0.000000000      -2.500000000       0.000000000       1.732050808
 <d0b|d1b>: 4        0.000000000       1.224744871      -0.000000000      -3.500000000      -0.000000000
 <d0b|d1b>: 5       -0.000000000      -0.000000000       1.732050808      -0.000000000      -4.500000000
 <d0b|d1b>: 6        0.000000000      -0.000000000       0.000000000       2.236067977      -0.000000000
 <d0b|d1b>: 7       -0.000000000      -0.000000000      -0.000000000      -0.000000000       2.738612788
 <d0b|d1b>: 8        0.000000000      -0.000000000       0.000000000      -0.000000000      -0.000000000
 <d0b|d1b>: 9        0.000000000       0.000000000      -0.000000000      -0.000000000      -0.000000000
 <d0b|d1b>: 10       -0.000000000       0.000000000      -0.000000000       0.000000000      -0.000000000
 <d0b|d1b>: 11        0.000000000      -0.000000000       0.000000000      -0.000000000       0.000000000
 <d0b|d1b>: 12        0.000000000       0.000000000       0.000000000       0.000000000       0.000000000
 <d0b|d1b>: 13       -0.000000000      -0.000000000       0.000000000      -0.000000000       0.000000000
 <d0b|d1b>: 14       -0.000000000      -0.000000000       0.000000000      -0.000000000      -0.000000000
 <d0b|d1b>: 15       -0.000000000      -0.000000000      -0.000000000       0.000000000      -0.000000000
 <d0b|d1b>: 16        0.000000000      -0.000000000      -0.000000000      -0.000000000       0.000000000
 <d0b|d1b>: 17        0.000000000       0.000000000       0.000000000       0.000000000      -0.000000000
 <d0b|d1b>: 18       -0.000000000       0.000000000      -0.000000000       0.000000000       0.000000000
 <d0b|d1b>: 19        0.000000000      -0.000000000       0.000000000       0.000000000       0.000000000
 <d0b|d1b>: 20       -0.000000000      -0.000000000       0.000000000      -0.000000000      -0.000000000
 <d0b|d1b>: 21       -0.000000000      -0.000000000      -0.000000000      -0.000000000      -0.000000000
 <d0b|d1b>: 22       -0.000000000      -0.000000000      -0.000000000      -0.000000000       0.000000000
 <d0b|d1b>: 23        0.000000000       0.000000000       0.000000000      -0.000000000      -0.000000000
 <d0b|d1b>: 24       -0.000000000       0.000000000       0.000000000       0.000000000       0.000000000
 <d0b|d1b>: 25        0.000000000      -0.000000000       0.000000000      -0.000000000       0.000000000
 <d0b|d1b>: 26       -0.000000000      -0.000000000       0.000000000      -0.000000000      -0.000000000
 <d0b|d1b>: 27       -0.000000000       0.000000000      -0.000000000       0.000000000      -0.000000000
 <d0b|d1b>: 28       -0.000000000      -0.000000000      -0.000000000      -0.000000000      -0.000000000
 <d0b|d1b>: 29        0.000000000       0.000000000       0.000000000       0.000000000       0.000000000
 <d0b|d1b>: 30        0.000000000       0.000000000      -0.000000000       0.000000000      -0.000000000

 <d0b|d1b>: 1        0.000000000       0.000000000       0.000000000      -0.000000000      -0.000000000
 <d0b|d1b>: 2        0.000000000       0.000000000       0.000000000       0.000000000      -0.000000000
 <d0b|d1b>: 3        0.000000000       0.000000000       0.000000000      -0.000000000      -0.000000000
 <d0b|d1b>: 4        2.236067978       0.000000000       0.000000000      -0.000000000      -0.000000000
 <d0b|d1b>: 5       -0.000000000       2.738612788      -0.000000000       0.000000000      -0.000000000
 <d0b|d1b>: 6       -5.500000000       0.000000000       3.240370349      -0.000000000      -0.000000000
 <d0b|d1b>: 7       -0.000000000      -6.500000000      -0.000000000       3.741657387       0.000000000
 <d0b|d1b>: 8        3.240370349      -0.000000000      -7.500000000      -0.000000000       4.242640687
 <d0b|d1b>: 9        0.000000000       3.741657387       0.000000000      -8.500000000       0.000000000
 <d0b|d1b>: 10       -0.000000000      -0.000000000       4.242640687      -0.000000000      -9.500000000
 <d0b|d1b>: 11       -0.000000000      -0.000000000       0.000000000       4.743416490      -0.000000000
 <d0b|d1b>: 12       -0.000000000       0.000000000      -0.000000000       0.000000000       5.244044241
 <d0b|d1b>: 13        0.000000000      -0.000000000       0.000000000      -0.000000000      -0.000000000
 <d0b|d1b>: 14        0.000000000       0.000000000       0.000000000       0.000000000      -0.000000000
 <d0b|d1b>: 15        0.000000000       0.000000000       0.000000000       0.000000000      -0.000000000
 <d0b|d1b>: 16       -0.000000000      -0.000000000       0.000000000       0.000000000       0.000000000
 <d0b|d1b>: 17       -0.000000000      -0.000000000       0.000000000       0.000000000      -0.000000000
 <d0b|d1b>: 18       -0.000000000       0.000000000      -0.000000000       0.000000000       0.000000000
 <d0b|d1b>: 19       -0.000000000      -0.000000000       0.000000000      -0.000000000      -0.000000000
 <d0b|d1b>: 20        0.000000000       0.000000000       0.000000000       0.000000000      -0.000000000
 <d0b|d1b>: 21       -0.000000000       0.000000000       0.000000000       0.000000000      -0.000000000
 <d0b|d1b>: 22       -0.000000000      -0.000000000       0.000000000      -0.000000000       0.000000000
 <d0b|d1b>: 23        0.000000000      -0.000000000      -0.000000000       0.000000000       0.000000000
 <d0b|d1b>: 24       -0.000000000       0.000000000      -0.000000000       0.000000000      -0.000000000
 <d0b|d1b>: 25       -0.000000000      -0.000000000       0.000000000      -0.000000000       0.000000000
 <d0b|d1b>: 26        0.000000000       0.000000000       0.000000000      -0.000000000      -0.000000000
 <d0b|d1b>: 27        0.000000000       0.000000000       0.000000000       0.000000000       0.000000000
 <d0b|d1b>: 28       -0.000000000       0.000000000       0.000000000      -0.000000000       0.000000000
 <d0b|d1b>: 29       -0.000000000      -0.000000000       0.000000000      -0.000000000       0.000000000
 <d0b|d1b>: 30       -0.000000000      -0.000000000      -0.000000000      -0.000000000      -0.000000000

 <d0b|d1b>: 1       -0.000000000       0.000000000       0.000000000       0.000000000       0.000000000
 <d0b|d1b>: 2       -0.000000000      -0.000000000      -0.000000000       0.000000000       0.000000000
 <d0b|d1b>: 3       -0.000000000       0.000000000       0.000000000      -0.000000000       0.000000000
 <d0b|d1b>: 4       -0.000000000      -0.000000000      -0.000000000       0.000000000      -0.000000000
 <d0b|d1b>: 5       -0.000000000      -0.000000000       0.000000000       0.000000000       0.000000000
 <d0b|d1b>: 6        0.000000000      -0.000000000      -0.000000000       0.000000000      -0.000000000
 <d0b|d1b>: 7       -0.000000000      -0.000000000      -0.000000000      -0.000000000       0.000000000
 <d0b|d1b>: 8        0.000000000      -0.000000000      -0.000000000       0.000000000      -0.000000000
 <d0b|d1b>: 9        4.743416490      -0.000000000      -0.000000000      -0.000000000       0.000000000
 <d0b|d1b>: 10        0.000000000       5.244044241      -0.000000000      -0.000000000       0.000000000
 <d0b|d1b>: 11      -10.500000000      -0.000000000       5.744562647       0.000000000      -0.000000000
 <d0b|d1b>: 12       -0.000000000     -11.500000000      -0.000000000       6.244997998       0.000000000
 <d0b|d1b>: 13        5.744562647      -0.000000000     -12.500000000       0.000000000       6.745368782
 <d0b|d1b>: 14       -0.000000000       6.244997998       0.000000000     -13.500000000      -0.000000000
 <d0b|d1b>: 15       -0.000000000       0.000000000       6.745368782      -0.000000000     -14.500000000
 <d0b|d1b>: 16        0.000000000      -0.000000000       0.000000000       7.245688373      -0.000000000
 <d0b|d1b>: 17        0.000000000       0.000000000      -0.000000000      -0.000000000       7.745966692
 <d0b|d1b>: 18        0.000000000       0.000000000      -0.000000000      -0.000000000      -0.000000000
 <d0b|d1b>: 19        0.000000000       0.000000000       0.000000000      -0.000000000      -0.000000000
 <d0b|d1b>: 20       -0.000000000       0.000000000      -0.000000000       0.000000000       0.000000000
 <d0b|d1b>: 21       -0.000000000      -0.000000000      -0.000000000      -0.000000000       0.000000000
 <d0b|d1b>: 22       -0.000000000      -0.000000000      -0.000000000      -0.000000000       0.000000000
 <d0b|d1b>: 23        0.000000000       0.000000000      -0.000000000      -0.000000000      -0.000000000
 <d0b|d1b>: 24       -0.000000000       0.000000000       0.000000000      -0.000000000      -0.000000000
 <d0b|d1b>: 25        0.000000000      -0.000000000       0.000000000       0.000000000      -0.000000000
 <d0b|d1b>: 26        0.000000000      -0.000000000       0.000000000       0.000000000      -0.000000000
 <d0b|d1b>: 27       -0.000000000      -0.000000000      -0.000000000       0.000000000       0.000000000
 <d0b|d1b>: 28       -0.000000000      -0.000000000       0.000000000      -0.000000000      -0.000000000
 <d0b|d1b>: 29        0.000000000      -0.000000000      -0.000000000      -0.000000000      -0.000000000
 <d0b|d1b>: 30       -0.000000000       0.000000000      -0.000000000       0.000000000      -0.000000000

 <d0b|d1b>: 1        0.000000000      -0.000000000      -0.000000000      -0.000000000      -0.000000000
 <d0b|d1b>: 2        0.000000000       0.000000000      -0.000000000       0.000000000       0.000000000
 <d0b|d1b>: 3       -0.000000000      -0.000000000      -0.000000000      -0.000000000      -0.000000000
 <d0b|d1b>: 4        0.000000000      -0.000000000      -0.000000000      -0.000000000       0.000000000
 <d0b|d1b>: 5        0.000000000      -0.000000000       0.000000000      -0.000000000      -0.000000000
 <d0b|d1b>: 6        0.000000000      -0.000000000      -0.000000000      -0.000000000       0.000000000
 <d0b|d1b>: 7        0.000000000      -0.000000000      -0.000000000      -0.000000000      -0.000000000
 <d0b|d1b>: 8        0.000000000       0.000000000      -0.000000000       0.000000000       0.000000000
 <d0b|d1b>: 9        0.000000000       0.000000000       0.000000000      -0.000000000       0.000000000
 <d0b|d1b>: 10        0.000000000       0.000000000       0.000000000      -0.000000000      -0.000000000
 <d0b|d1b>: 11       -0.000000000       0.000000000      -0.000000000       0.000000000       0.000000000
 <d0b|d1b>: 12       -0.000000000      -0.000000000       0.000000000       0.000000000       0.000000000
 <d0b|d1b>: 13       -0.000000000      -0.000000000       0.000000000       0.000000000      -0.000000000
 <d0b|d1b>: 14        7.245688373       0.000000000      -0.000000000      -0.000000000       0.000000000
 <d0b|d1b>: 15       -0.000000000       7.745966692       0.000000000      -0.000000000       0.000000000
 <d0b|d1b>: 16      -15.500000000       0.000000000       8.246211251      -0.000000000      -0.000000000
 <d0b|d1b>: 17       -0.000000000     -16.500000000       0.000000000       8.746427842      -0.000000000
 <d0b|d1b>: 18        8.246211251       0.000000000     -17.500000000      -0.000000000       9.246621004
 <d0b|d1b>: 19        0.000000000       8.746427842       0.000000000     -18.500000000       0.000000000
 <d0b|d1b>: 20       -0.000000000      -0.000000000       9.246621004      -0.000000000     -19.500000000
 <d0b|d1b>: 21        0.000000000      -0.000000000      -0.000000000       9.746794345       0.000000000
 <d0b|d1b>: 22        0.000000000       0.000000000      -0.000000000      -0.000000000      10.246950766
 <d0b|d1b>: 23        0.000000000       0.000000000       0.000000000      -0.000000000      -0.000000000
 <d0b|d1b>: 24       -0.000000000      -0.000000000       0.000000000       0.000000000      -0.000000000
 <d0b|d1b>: 25       -0.000000000      -0.000000000       0.000000000       0.000000000      -0.000000000
 <d0b|d1b>: 26       -0.000000000       0.000000000      -0.000000000       0.000000000       0.000000000
 <d0b|d1b>: 27       -0.000000000       0.000000000       0.000000000      -0.000000000      -0.000000000
 <d0b|d1b>: 28        0.000000000       0.000000000      -0.000000000       0.000000000      -0.000000000
 <d0b|d1b>: 29        0.000000000       0.000000000       0.000000000       0.000000000      -0.000000000
 <d0b|d1b>: 30       -0.000000000      -0.000000000       0.000000000      -0.000000000       0.000000000

 <d0b|d1b>: 1        0.000000000       0.000000000      -0.000000000      -0.000000000      -0.000000000
 <d0b|d1b>: 2       -0.000000000       0.000000000      -0.000000000      -0.000000000       0.000000000
 <d0b|d1b>: 3        0.000000000       0.000000000      -0.000000000       0.000000000      -0.000000000
 <d0b|d1b>: 4        0.000000000       0.000000000       0.000000000      -0.000000000      -0.000000000
 <d0b|d1b>: 5        0.000000000      -0.000000000      -0.000000000      -0.000000000      -0.000000000
 <d0b|d1b>: 6        0.000000000       0.000000000      -0.000000000      -0.000000000       0.000000000
 <d0b|d1b>: 7        0.000000000       0.000000000      -0.000000000      -0.000000000      -0.000000000
 <d0b|d1b>: 8        0.000000000       0.000000000       0.000000000      -0.000000000       0.000000000
 <d0b|d1b>: 9        0.000000000       0.000000000       0.000000000      -0.000000000      -0.000000000
 <d0b|d1b>: 10       -0.000000000       0.000000000      -0.000000000      -0.000000000       0.000000000
 <d0b|d1b>: 11       -0.000000000      -0.000000000       0.000000000      -0.000000000       0.000000000
 <d0b|d1b>: 12        0.000000000      -0.000000000      -0.000000000       0.000000000      -0.000000000
 <d0b|d1b>: 13       -0.000000000      -0.000000000      -0.000000000       0.000000000       0.000000000
 <d0b|d1b>: 14       -0.000000000      -0.000000000       0.000000000      -0.000000000      -0.000000000
 <d0b|d1b>: 15        0.000000000       0.000000000      -0.000000000      -0.000000000      -0.000000000
 <d0b|d1b>: 16       -0.000000000       0.000000000       0.000000000      -0.000000000      -0.000000000
 <d0b|d1b>: 17       -0.000000000       0.000000000       0.000000000      -0.000000000      -0.000000000
 <d0b|d1b>: 18        0.000000000      -0.000000000       0.000000000       0.000000000       0.000000000
 <d0b|d1b>: 19        9.746794345       0.000000000      -0.000000000      -0.000000000       0.000000000
 <d0b|d1b>: 20       -0.000000000      10.246950766       0.000000000      -0.000000000       0.000000000
 <d0b|d1b>: 21      -20.500000000      -0.000000000      10.747092630      -0.000000000      -0.000000000
 <d0b|d1b>: 22        0.000000000     -21.500000000       0.000000000      11.247221879      -0.000000000
 <d0b|d1b>: 23       10.747092630       0.000000000     -22.500000000       0.000000000      11.747340124
 <d0b|d1b>: 24        0.000000000      11.247221879       0.000000000     -23.500000000       0.000000000
 <d0b|d1b>: 25       -0.000000000       0.000000000      11.747340124      -0.000000000     -24.500000000
 <d0b|d1b>: 26       -0.000000000      -0.000000000      -0.000000000      12.247448714       0.000000000
 <d0b|d1b>: 27        0.000000000       0.000000000       0.000000000       0.000000000      12.747548784
 <d0b|d1b>: 28        0.000000000       0.000000000       0.000000000      -0.000000000      -0.000000000
 <d0b|d1b>: 29       -0.000000000      -0.000000000       0.000000000      -0.000000000      -0.000000000
 <d0b|d1b>: 30       -0.000000000      -0.000000000      -0.000000000       0.000000000       0.000000000

 <d0b|d1b>: 1        0.000000000       0.000000000      -0.000000000      -0.000000000      -0.000000000
 <d0b|d1b>: 2        0.000000000       0.000000000       0.000000000       0.000000000      -0.000000000
 <d0b|d1b>: 3       -0.000000000       0.000000000       0.000000000      -0.000000000      -0.000000000
 <d0b|d1b>: 4        0.000000000      -0.000000000       0.000000000      -0.000000000      -0.000000000
 <d0b|d1b>: 5        0.000000000       0.000000000       0.000000000      -0.000000000      -0.000000000
 <d0b|d1b>: 6        0.000000000      -0.000000000       0.000000000      -0.000000000      -0.000000000
 <d0b|d1b>: 7       -0.000000000       0.000000000      -0.000000000      -0.000000000      -0.000000000
 <d0b|d1b>: 8        0.000000000       0.000000000       0.000000000      -0.000000000      -0.000000000
 <d0b|d1b>: 9        0.000000000       0.000000000       0.000000000      -0.000000000       0.000000000
 <d0b|d1b>: 10       -0.000000000       0.000000000       0.000000000      -0.000000000      -0.000000000
 <d0b|d1b>: 11        0.000000000      -0.000000000       0.000000000       0.000000000       0.000000000
 <d0b|d1b>: 12       -0.000000000       0.000000000      -0.000000000      -0.000000000       0.000000000
 <d0b|d1b>: 13        0.000000000      -0.000000000      -0.000000000      -0.000000000      -0.000000000
 <d0b|d1b>: 14        0.000000000      -0.000000000      -0.000000000       0.000000000       0.000000000
 <d0b|d1b>: 15       -0.000000000       0.000000000       0.000000000      -0.000000000       0.000000000
 <d0b|d1b>: 16       -0.000000000       0.000000000       0.000000000       0.000000000      -0.000000000
 <d0b|d1b>: 17       -0.000000000       0.000000000       0.000000000       0.000000000      -0.000000000
 <d0b|d1b>: 18       -0.000000000      -0.000000000      -0.000000000      -0.000000000       0.000000000
 <d0b|d1b>: 19        0.000000000      -0.000000000       0.000000000       0.000000000       0.000000000
 <d0b|d1b>: 20        0.000000000      -0.000000000      -0.000000000      -0.000000000       0.000000000
 <d0b|d1b>: 21       -0.000000000       0.000000000      -0.000000000      -0.000000000      -0.000000000
 <d0b|d1b>: 22       -0.000000000      -0.000000000       0.000000000      -0.000000000      -0.000000000
 <d0b|d1b>: 23        0.000000000       0.000000000       0.000000000       0.000000000      -0.000000000
 <d0b|d1b>: 24       12.247448714      -0.000000000      -0.000000000       0.000000000       0.000000000
 <d0b|d1b>: 25        0.000000000      12.747548784      -0.000000000      -0.000000000      -0.000000000
 <d0b|d1b>: 26      -25.500000000      -0.000000000      13.247641299       0.000000000       0.000000000
 <d0b|d1b>: 27       -0.000000000     -26.500000000      -0.000000000      13.747727085       0.000000000
 <d0b|d1b>: 28       13.247641299      -0.000000000     -27.500000000      -0.000000000      14.247806849
 <d0b|d1b>: 29        0.000000000      13.747727085      -0.000000000     -28.500000000       0.000000000
 <d0b|d1b>: 30        0.000000000       0.000000000      14.247806849       0.000000000     -29.500000000


 eigenvalues = 
  -20.633387059968776     
  -20.633310972045773     
  -12.374372755119843     
  -12.374089967163547     
  -5.1168740581891479     
  -4.9473833294780221     
   8.3289186739735760E-002
   1.8753371257438509     
   5.5651097955630293     
   9.2498914853629906     
   13.832874058865931     
   18.172031192777823     
   23.964999098773550     
   30.285837112131585     
   35.831599454340576     
   42.741619608946252     
   63.832756194788040     
   82.755430710398414     
   128.99726660928530     
   159.28425143741526     
   238.01890714357324     
   282.31026479866955     
   409.64002069652349     
   471.80020064161431     
   675.38390965688825     
   760.62404562336133     
   1093.7723041285237     
   1209.6733460302369     
   1807.9515217455742     
   1967.9326045721373     


  -1.9612429679286946E-012  0.20554569165276038      -0.34700022686469811        3.4746228179941328E-012  0.58726189372800164        2.9456117009527061E-014  0.65875967470104646        3.7537612701258070E-015  0.23827173784785455       -9.8537986187744761E-016   4.1067679609801996E-002   1.4701719397283317E-016   6.3855168326714846E-003   5.0392722490076445E-018  -2.4366751002223100E-004  -3.8535366888640368E-018   3.8852584992557699E-004  -7.9971821621626716E-019   9.7963604446677508E-005   5.2283795458346586E-020   1.5654902509910446E-005  -1.3714158247761667E-019   1.6346264977979549E-006   7.0068143243894169E-020   1.0446723006108352E-007  -4.3793966490454806E-020   3.4307064186792107E-009   5.0636841734931593E-020   3.6268755684597971E-011  -3.8728785910586815E-020
  0.48751916492299474        4.6519480868970066E-012  -5.4346667955978757E-012 -0.54279422633954344       -2.7217395264114388E-014  0.57095816834065716        4.6352008981725764E-017 -0.35044641879044047        2.0088482949841398E-015 -0.13474057390610811       -1.0205786298536891E-015  -2.6052360521387815E-002  -9.6150100159221571E-016  -7.2647365994845635E-003   3.3044281131107202E-016  -2.2154346205184934E-003   4.2851566208184505E-016   1.4194003651723875E-003  -5.4173980737801966E-016   3.4514630506375958E-004   6.3987893661212389E-017   5.5629381616559742E-005   1.1076288381349297E-016   5.9520106537549490E-006   7.7781681096611269E-017   3.9178353614526254E-007  -2.2126030398903443E-017   1.3282240202783350E-008   1.6596673830214218E-016   1.4534327687041141E-010
  -7.0843842185768809E-012  0.74244776316316718      -0.40032171733368660        4.0081930353285914E-012  0.10591721525084581        4.2004302101651499E-015 -0.42533933064099394       -3.2200039193789775E-015 -0.28917180669231907        1.8355594648592060E-015 -0.11195373602238726       -3.1194075149142714E-016  -3.8641977862962128E-003  -6.8405870483746680E-017   1.1984419794342480E-002   3.3506082294538359E-017   7.9408060677407695E-003  -3.6663821121902390E-018   2.4541052391696024E-003  -2.1864787420430991E-019   4.7446772397343541E-004  -6.5555056161562507E-019   6.0133318224399138E-005  -4.2160568641215268E-020   4.6671959981027367E-006  -7.2097546260416885E-020   1.8702434017529456E-007   7.0852144876399853E-020   2.4561275035177377E-009   2.3338918474189650E-021
  0.80325340170075399        7.6647147586851011E-012   8.3434718122234555E-013   8.3313579923446901E-002   1.2516526922026190E-014 -0.26357387681430750       -1.0953288742589099E-015  0.48646151572906537       -2.6510980057721706E-015  0.16960075941317646        1.5305256038422374E-015  0.10700622998844549        5.0539827753949018E-016  -1.9161297428919775E-002  -8.8754117681681451E-016  -2.8863074933391544E-002   8.6445133278163777E-016   1.6905575513827719E-002  -1.3304807319672670E-017   5.0058306845880713E-003  -3.6682075401821347E-016   9.8416674514900378E-004  -1.4668854195056695E-016   1.2827451694967583E-004   1.3771164532878867E-016   1.0271993459423808E-005   2.0301797249206787E-016   4.2515339350143730E-007  -7.2107333735973451E-017   5.7781499905925158E-009
  -5.6847958450773716E-012  0.59573791241027108       0.59448927833683729       -5.9536591601423178E-012 -0.16620179718924655       -9.4254163438784969E-015   9.7272289490204916E-002   2.5167722399857836E-015  0.47660916926576774       -2.0344286484923050E-015   7.2490094206470568E-002   9.8454711871471871E-016  0.12665118525378727       -5.2731492781252123E-016   4.7478758733999905E-002   2.5342209342311961E-016   5.8116291809908335E-002  -3.1072556637076754E-017   2.1953075286876476E-002  -1.2151652549396498E-017   5.2818048744916329E-003  -6.5517998470120131E-018   8.2948189641786406E-004  -2.8627066639235182E-020   7.9485032474530025E-005   2.1288025400012785E-020   3.9381640741854026E-006   2.1270027758905536E-020   6.4994855875243470E-008  -5.0080341933451277E-020
  0.21792899552092596        2.0798908091247566E-012   7.4474045335839676E-012  0.74364954813184136       -1.2527548253544948E-014  0.29402794653371728       -1.5256131022810800E-015 -0.18232233710387388        1.3402966398134020E-015 -0.47971379058375169       -3.9798500743278496E-015   2.1506203964506903E-002  -1.9991527578061325E-015 -0.15761849125184649        3.7541332862315187E-016 -0.11991150075908011       -7.8591104978043003E-016   9.3307219166504418E-002   3.7667552383003926E-016   3.4735374236702823E-002  -1.4665830783274844E-017   8.5734102582241713E-003   8.5187157863377958E-017   1.3907819622471023E-003  -5.5762675361763973E-017   1.3777168367374426E-004  -1.0190362056212540E-016   7.0549955584218652E-006  -1.7980023156088302E-016   1.2046356204932197E-007
   1.1319909050137057E-012 -0.11865102933780801       0.42278410318469284       -4.2345869741175028E-012  0.62803984437412119        2.8233469644003570E-014 -0.22306136922555128       -1.8530488652947115E-015 -0.13625194241828423        4.3270019957704078E-015 -0.47255223886839026       -3.9533655545022309E-016  0.16269140021244824       -1.3331701801459703E-015  0.19179980970555108        8.0400367353378188E-016  0.21355243249128542       -1.1598252740163684E-016  0.10551724555684490       -5.5996260394222655E-017   3.2816795242181160E-002  -3.1333442784831078E-017   6.5682150391268151E-003   8.9425503406372758E-019   7.9329640388013222E-004  -2.6576413522412628E-019   4.9384322948489748E-005   1.8562525946892663E-019   1.0377283835043450E-006  -6.2960082870262473E-020
 -0.24500498825800390       -2.3378908881250205E-012  -8.7286498185758135E-013  -8.7181002606662797E-002  -2.1887578966346420E-014  0.47670219572981720       -4.5604616968449647E-015  0.51396754465023309        1.0207368077348110E-016   8.2216625958249051E-002  -7.8783406890505878E-016  0.44351668391882093       -3.7950370485556864E-015 -0.21846074641501897       -1.1341833648958554E-015 -0.29730775753970412        2.0592793963103428E-015  0.28186242014043927       -3.1486526412459276E-016  0.14064253045912498        3.6121854349111601E-016   4.5425462777024854E-002   2.2953738677362107E-016   9.4427118031342912E-003   1.3319467934099906E-016   1.1818208842442554E-003   2.2773476340804338E-017   7.6095729512590509E-005   1.7416847281590813E-016   1.6540147465129152E-006
   1.4823525440884830E-012 -0.15531576521425722      -0.38144859105670414        3.8192830958332659E-012  -7.3725723396046230E-002  -5.1126888135163081E-015 -0.27297323555547692        8.2662652994602007E-017  0.48834611749912071       -2.5241461387813800E-015   8.6229466383884540E-002   2.3963324790698529E-015  0.41333779354668526       -2.1682051093180912E-015  0.21933224244183980        1.2141166978035800E-015  0.42265223120844569       -2.6378638856572323E-016  0.29889982094549195       -1.8215440726974711E-016  0.12803175178801732       -1.5211356479971627E-016   3.3989725481493788E-002  -3.0815058621111446E-018   5.3176890999725264E-003  -1.9693970972999387E-018   4.2423775931936612E-004  -1.7916577294353392E-019   1.1531061719053540E-005   3.4226584218504144E-019
   1.2043184604181632E-002   1.1475561244844434E-013  -2.9059803574928911E-012 -0.29017234960279847        2.0661880330084968E-014 -0.44980664778771673        2.7926370572426969E-015  -8.8833296546045729E-002  -3.3464705175084594E-015 -0.41036397565699340       -2.0992713642929760E-015 -0.13478324104031944        2.0111958980470817E-015 -0.29202547051904559       -5.9596019430624839E-016 -0.27430845477923638       -1.9607796289400348E-016  0.45946655253104435        1.0582117440487820E-017  0.34718680913234290        4.5291635815549109E-016  0.15728929808437259       -3.1537590443021283E-017   4.3698004162232303E-002   2.2458396275839994E-017   7.1062575433900660E-003  -1.8060841638910584E-017   5.8696281666393549E-004  -1.0769822485179757E-016   1.6498880068933822E-005
  -1.0077517750397275E-012  0.10558208115355405        8.8227207452367257E-003  -8.7203720920049934E-014 -0.33297916086798779       -1.3021588250800158E-014  0.40880361895744460        1.3184863245998980E-015 -0.33694426353830664        2.4441108504898921E-015 -0.27131579305769499       -2.0686369357481283E-015 -0.17597096051724959       -2.9640965438990097E-016  0.14232586068811026        4.5796699765787707E-016  0.34635233636933282       -2.3917499925030228E-016  0.48299478129288725       -3.6743766556307475E-016  0.32230099305130733       -4.2760933682828295E-016  0.12097671810121448       -2.7443867491039331E-018   2.5467585291205803E-002  -1.6282070976261087E-017   2.6710052499569520E-003  -1.6878644956060647E-018   9.5678322113641303E-005   9.5610727499417704E-020
   7.8323336446734837E-002   7.4746835439370624E-013   2.0461151254131410E-012  0.20433540820331020       -2.1631276304818837E-015   3.9234918692881302E-002   1.4052586750692879E-015 -0.35885033504785840        3.8172706988216726E-015  0.52445764157978170        2.8057386236987404E-015  0.13148009585125864       -1.1736509944429248E-015  0.25827506831316183        2.9600400300125222E-016   1.7535722408751508E-002   1.1032299206126250E-015  0.27148760366702895       -3.8322905961896430E-017  0.48887317924136275        6.2204238738131756E-016  0.35839836890279980        1.4223273583883943E-016  0.14247525123236149        3.5843007732114489E-018   3.1313073158209935E-002  -3.1667619823194592E-017   3.4046143932700335E-003   1.3502840815496521E-016   1.2610424343379134E-004
   4.2426530475087336E-014  -4.4639465529356347E-003  0.15662126973220297       -1.5685422782437779E-012  0.28236023183219944        1.2994670569006289E-014 -0.16113056000464160       -1.8352059741887714E-015 -0.11339504980532834       -3.0510946305743258E-015  0.55185160578423609        1.6009778995960604E-015  -1.7600958043034083E-002   1.0794131266287904E-015 -0.29257875860702498       -7.8203502701379435E-016 -0.13161286455095747       -2.8622937353617317E-017  0.32240578043174262       -3.8152075168982486E-016  0.49797367904670098       -8.1011586328116891E-016  0.29835515532143264       -1.8106176280507924E-017   8.9577047502927845E-002  -4.7702275081181627E-017   1.2778550625469485E-002  -4.6769743090492208E-019   6.1759624862550429E-004   1.1039564346147958E-018
  -5.2526467640182949E-002  -5.0121622790272510E-013  -1.6733015318776866E-013  -1.6729797369684930E-002  -8.8295506410408364E-015  0.20133657508600919       -2.9517451026320869E-015  0.38286889985396699       -1.3363859953502230E-015 -0.18857778634220171        3.2148272477974530E-016 -0.43228907732840915        1.9000988438972360E-015   4.2700249464602900E-004   6.8617841210011805E-016  0.31624621273332459       -1.5627610704867256E-015 -0.23694064014058136        2.4927643996888400E-016  0.24919264265432436        8.3937662120035724E-016  0.50174954233231872        3.8690291489439865E-016  0.32642004271276975       -2.5734489159903394E-016  0.10302746641626047        1.6978685678615988E-016   1.5266546693975052E-002  -8.4026439299957493E-017   7.6285864043280026E-004
   3.4389634003228388E-013  -3.5970926304124101E-002 -0.11776141852008000        1.1780214833439792E-012  -6.1543521553092125E-002  -5.6692869011874889E-015  -9.4664195404021476E-002   1.7091017622496733E-015  0.35706050043033943        1.9268611786830296E-015 -0.44771998457927620       -1.8844358994160318E-015 -0.23325511663679099        7.9506748883909669E-016   8.7762017913046386E-002  -4.8789097761847700E-016 -0.34387770553412944        4.8572257327350599E-017 -0.19480483050237954       -1.3888632805525732E-016  0.36081237929914822       -8.6042284408449632E-016  0.48940068668274456       -5.1824863844807112E-017  0.23213356947966829       -1.6963306488513219E-016   4.7311979527785222E-002  -2.8313689263891128E-018   3.1777397514734635E-003   3.1994055440251751E-018
   7.4140583850567793E-003   7.0710322874864138E-014  -7.4645346657465161E-013  -7.4527223500539946E-002   8.4368075250031235E-015 -0.18899696198473726        1.9163903009640219E-015 -0.14902518577713139       -1.1339557471964364E-015 -0.19725382887800480       -3.4375149423179751E-015  0.54942877660306844       -1.4160524043744792E-015   7.4220651353914938E-002  -1.1812103494221871E-015 -0.16730936344627118        6.4581857656814678E-016 -0.28822714803665733       -4.2577031497604994E-016 -0.26117539643919974        3.8016030970907933E-016  0.30752231206974207        8.2736347943899630E-017  0.49964429980372260        4.9911691868103628E-017  0.25256227503159406        2.4004122526930965E-016   5.3635170004188867E-002   2.6560495506858841E-016   3.7250182977696996E-003
  -2.6979090532192004E-013   2.8209318240258015E-002   2.6991917245010374E-002  -2.6821790872724200E-013  -8.3415747078846261E-002  -2.2283174339189062E-016  0.17529273744429796       -8.4345685628017302E-016 -0.29443953503691539        6.2911859377676517E-016   9.2706328892381326E-002   2.5079788679024484E-015  0.53152210932788557       -2.0636267188277619E-015   4.7165305448091657E-004   1.2191853429599497E-015  0.18008380115767231       -1.5883561826912640E-016 -0.34909410459658219        2.6597435546803154E-016 -0.13392669464214868       -1.7347234759768071E-016  0.45282055888231487       -5.3776427755281020E-017  0.43243318682303450       -3.5671564375841340E-016  0.13613120180411173       -1.2522915595205223E-017   1.3229103434844465E-002   9.6702138828086440E-018
   1.4590663310734206E-002   1.3925760944654056E-013   6.8921419754105018E-013   6.8820265671926686E-002  -3.2424001003904660E-015   7.1971902134802257E-002  -2.9802461489325047E-016  -6.4504000630971822E-002   1.9889557121105400E-015  0.33939496369262367        3.9958691786480211E-015 -0.34776290536697002       -6.9689652918893875E-016 -0.38074877672023105        6.6855159429996315E-016  -8.9716784733249677E-002   5.0035930260206030E-017  0.25563599001950754       -2.2541894802682756E-016 -0.30621526228089946       -3.4900798990669047E-016 -0.18972468290273553       -9.6129003421438475E-017  0.42268338012922291        5.4128959186974534E-016  0.44802127028210020        2.5863074055252517E-017  0.14780192934875772       -1.7612520184892197E-016   1.4857331027345285E-002
   8.0674073768305680E-014  -8.4694366921396862E-003   2.7241392003496175E-002  -2.7385025392786520E-013  0.10431438470735566        2.1318700133502604E-015 -0.11923662259167191        1.7575722598219511E-016   9.9640252595924475E-002  -2.8238866344757538E-015  0.19688778979654528       -1.7670974702156086E-015 -0.53143044248107285        2.0618335607542244E-015  0.19004535509151335       -3.0516225397320129E-016  0.21605732202380998       -1.5352302762394743E-016  0.17015817526061516        1.3524315705182727E-016 -0.39034438505906965        7.1470607210244452E-016   4.1003553068327023E-002  -9.4542429440735987E-017  0.53328393812994968       -5.2950316521823901E-016  0.30128614968960382       -2.7976426221379686E-017   4.4822698517412364E-002   4.0919567171759148E-017
  -1.4869275654679147E-002  -1.4191129859184647E-013  -2.8076407255533064E-013  -2.8037961159500670E-002  -9.6256837661287294E-016   2.1764925125901807E-002  -6.4365117874780322E-016  0.14029586254749307       -1.4569425941353409E-015 -0.24774747886587531       -2.3911367866676624E-015   2.5493801020790043E-002   2.6622661375233149E-015  0.56601252303477345        4.2317537272516807E-016   5.3812425080932660E-002  -9.7578195523695399E-018  0.15946326496671137        4.6700020492569863E-016  0.22446024001360679       -5.6982249764472147E-016 -0.37324848221397039       -3.4820535339727311E-016  -6.7569057417138298E-003   4.8262015610779492E-016  0.52581313133020224        2.2036241072667407E-016  0.31548192798110303       -3.3295107563200994E-016   4.8601671048294964E-002
   3.7957655478503861E-014  -3.9864174190936729E-003  -3.5388522089317760E-002   3.5459375171956945E-013  -5.8418709325037906E-002  -1.4660630291011713E-015   2.9424442375763436E-002  -2.5039149808306449E-016   5.4928548283193719E-002   2.8091643151437108E-015 -0.27739026046360893       -5.4047159916675974E-016  0.27002458837085080       -7.6762628882458708E-016 -0.44936319286643878       -8.9720440278606706E-016 -0.24135094980787528        5.4481159167396598E-018  0.27489211421811183       -3.6098676427333966E-016   3.5197246749947050E-002   2.0469737016526324E-016 -0.37967160278095791       -1.7347234759768071E-017  0.31591275763764182       -4.5111111298280077E-016  0.49533256248341950       -2.7344182299964130E-017  0.12365117332042114        1.2589039475470892E-016
   6.9347685688229367E-003   6.6201648492798282E-014  -4.1436641682114794E-014  -4.1348045077761429E-003   2.4139315744786752E-015  -5.3664484341376682E-002   7.4610899964005154E-016 -0.10758906983309791        5.2249740509803784E-016   7.5686747361206869E-002   2.9923322759281332E-016  0.19858939773374990       -3.3160630473646357E-015 -0.48566541595438445       -1.3690446155714830E-015  0.23010375511776429       -5.3331904864561963E-016 -0.29552963064510696       -6.6072770308985971E-017  0.23543892977957867        2.0319846616255310E-016   8.1769033487841924E-002   1.5819152374540433E-017 -0.38899055231067059        1.3268310689330152E-016  0.28469355421182341        2.6289778648396569E-016  0.50270098997302548       -4.7711883611177043E-016  0.13025697124717930     
  -6.5564446368815768E-014   6.8656407813095979E-003   2.0749604043507539E-002  -2.0768374005624893E-013   8.2657144614000904E-003   8.4114395826823749E-016   2.8465601496118004E-002   2.0158771307727355E-016 -0.10901946878124939       -1.1300324203615834E-015  0.19980317775373868        2.5097265215807334E-015   2.2337699450942872E-002  -6.9766740337001046E-016  0.54804312745575734        7.8390527576133184E-016  -9.4242063907499035E-002   4.1806835771041051E-016 -0.24516145491700161        1.5781737292578565E-016  0.35036191892064011       -8.3266726846886741E-016 -0.21036513988617880        3.2959746043559335E-017 -0.16924269369637837       -1.8390779350785369E-017  0.55326415274289298       -6.5197820013433761E-017  0.27431719531767146        3.0164765985309291E-016
  -1.8233304184292056E-004  -1.7516129802520193E-015   1.5968191413407437E-013   1.5943334951958835E-002  -1.9394079042687485E-015   4.2470166949859424E-002  -4.0011383496358708E-016   4.1263558929699573E-002   1.3472570915804551E-016   5.0409268436060702E-002   1.0072357870629682E-015 -0.25118077979432174        2.6949523016131832E-015  0.24816316799645566        1.7237925690099305E-015 -0.48051229015234437        7.3958851196098685E-016   1.3328689723379533E-002  -4.7238083717331953E-016 -0.27599611046764283        5.4848558529535778E-016  0.33997264247667291        2.9160742890939081E-017 -0.17921190088171207       -3.5681734964723228E-016 -0.19406795350881484       -1.1768207502206483E-016  0.54471485905031958        1.0184745333609389E-016  0.28231724135557795     
   4.4832737520054977E-014  -4.7001117065924771E-003  -5.0804100686436303E-003   5.0764510238131698E-014   1.7174935611943581E-002  -3.2498359710199576E-016  -4.2142430271937606E-002   2.9821631448077517E-016   8.8668611775155642E-002  -5.5656708748691400E-016  -8.2386537327904588E-002  -3.0430318901094660E-015 -0.17416809155627178        1.2169872947882703E-015 -0.44320449149415980        3.4436971503570835E-017  0.39913688638512163       -5.0160613510041863E-016 -0.15505224231566689        1.6217025183764446E-016  -7.8217048171001821E-002  -5.4123372450476381E-016  0.28873506044853947        5.9847959921199845E-017 -0.41040359925459907        3.1861313717559958E-016  0.29020473570202659       -6.3384428349769667E-017  0.48060329723678591        6.1327153713689297E-016
  -2.5698702523780266E-003  -2.4518682822385313E-014  -1.3659324537738635E-013  -1.3639285785980931E-002   9.0852040093165473E-016  -1.9163063865860922E-002   5.6709178384624208E-017   5.9807112012119816E-003  -3.7270334205635332E-016  -9.0285877935255165E-002  -1.2088064381801025E-015  0.18461560782335396       -1.5120271690071309E-015  -3.3211548387552026E-002  -1.3630415351870001E-015  0.51132138647580772       -5.2525529498775869E-016  0.32699334085376836        2.9717736412853146E-016 -0.10687033165399103       -4.1759029312148128E-016 -0.10970638037565462        1.7032447868938566E-016  0.30218813577279574       -3.3391086363651287E-016 -0.40471813928798250        1.1516861972919284E-016  0.27106991179043421       -8.5562313188887983E-016  0.48543032735116676     
  -1.7777093710225143E-014   1.8583374337609526E-003  -2.3647558427447807E-003   2.3569854239364312E-014  -1.8350722575496407E-002   2.3600557812757442E-017   2.8933977367951589E-002  -7.4957966904502397E-017  -4.4617996246774566E-002   1.0068339479768470E-015   6.9292439536243573E-003   2.3002231584741517E-015  0.16392616481610589       -1.0549006958251814E-015  0.24243924865745922       -4.0717212587693119E-016 -0.41352773176802565        4.0484109120608736E-016  0.38866153669155157        1.3074173204454042E-016 -0.33378488585931310        4.4148712463609741E-016  0.23520106024994289       -1.3444106938820255E-016  -7.3040554917880779E-002   3.1872833365642617E-016 -0.18563103388064248       -1.3059850441563678E-016  0.61849899467734926        8.4447048457746964E-016
   2.3058191675863547E-003   2.2005896728277886E-014   6.9249017382978479E-014   6.9152442500055008E-003  -1.8102039318278136E-016   3.1242949225433816E-003   9.3723218108046021E-017  -1.9737424091508776E-002   2.9535422052012783E-016   6.7675151881416998E-002   7.8018278860008673E-016  -8.8281375129346848E-002   5.5038704724122680E-016  -5.9893892224649137E-002   7.9861227162076774E-016 -0.34580635704562751        8.8728395290782469E-017 -0.39860595675614202        7.4560531372167610E-017  0.37123255139078914       -1.6761508126660241E-016 -0.31472954493186472       -1.5195077524157553E-016  0.21545745084813733        1.2155181173303298E-016  -5.5072268776124304E-002  -3.0071630728003418E-016 -0.19753377363517907       -9.4489574584827318E-016  0.61625906169663713     
   2.7704721345662541E-015  -3.0564621099862083E-004   2.3812063531323600E-003  -2.3531871443934954E-014   8.3633704520426674E-003  -2.0822161722000503E-016  -1.0514507690310973E-002   1.7652807696747547E-017   1.1968692382970714E-002  -6.4825221510762807E-016   1.0804029245546019E-002  -9.2557334900483852E-016  -7.3150491256160924E-002   2.6635991567923278E-016  -7.4458788129363934E-002   6.5794808837282837E-016  0.20056856054889841       -5.3559587320783919E-017 -0.24953831434649154        1.3772399640726743E-016  0.29771436295528786       -3.8857805861880479E-016 -0.34902353283954651        2.9490299091605721E-017  0.40473723651219695       -2.4439272220538877E-016 -0.46706817586558125        6.7591323376751536E-017  0.54198280021994738        1.1482783521831397E-015
  -9.6727809082640891E-004  -9.2308315627550027E-015  -1.8622847117664346E-014  -1.8599536591309622E-003  -5.1447585214346752E-017   1.5015010845098784E-003  -6.7247723215043430E-017   1.1370685799505370E-002  -1.1975758548574050E-016  -2.6491549239948585E-002  -2.8041547811612256E-016   2.2516256514271634E-002  -7.0904231082780673E-017   4.5073954000686076E-002  -2.6770854039530849E-016  0.13045439607423948        3.8719570084888577E-017  0.20838348201735579       -1.6895679551712364E-016 -0.25328309144296779        3.1961376412092002E-016  0.29947041409449260        1.9128632315398489E-016 -0.34875301818340620        1.1793131550077017E-016  0.40226880317808467        4.8059528928351237E-016 -0.46215035467805560       -5.9006326808984291E-016  0.53414878660687648     
 deallocation
